2 1 0 0 0 1 0 0 
11 4 1 0 0 5 0 0 
5 1 1 0 0 2 0 0 
8 1 2 0 2 1 0 0 
5 2 0 0 0 2 0 0 
0 0 0 0 0 0 0 0 
0 0 0 0 0 0 0 0 
9 0 3 0 0 3 0 0 
3 0 1 0 1 0 0 0 
9 0 4 0 1 3 0 0 
95 27 12 0 1 38 4 0 
51 19 3 0 1 21 4 2 
226 85 3 0 1 87 6 4 
24 8 1 0 0 9 0 0 
0 0 0 0 0 0 0 0 
0 0 0 0 0 0 0 0 
32 6 7 0 1 12 2 0 
185 63 11 0 0 74 6 2 
16 0 6 0 0 6 0 0 
4 2 0 0 0 2 0 0 
18 3 4 0 0 7 0 1 
44 17 1 0 0 18 2 1 
1633 513 12 0 2 523 16 0 
3833 1198 9 0 0 1207 8 4 
0 0 0 0 0 0 0 0 
2 1 0 0 0 1 0 0 
12 6 0 0 0 6 0 1 
20 10 0 0 0 10 0 3 
220 78 6 0 0 84 7 8 
297 100 11 0 0 111 13 0 
2437 773 1 0 0 774 0 0 
1275 394 16 0 1 409 4 0 
7 0 3 0 3 0 0 0 
16 5 2 0 0 7 0 1 
15 7 0 0 0 7 0 3 
16 8 0 0 0 8 0 3 
12 6 0 0 0 6 0 0 
6 0 2 0 1 1 0 0 
8 4 0 0 0 4 0 0 
117 40 0 0 0 40 1 0 
132 43 1 0 0 44 1 0 
368 134 3 0 1 136 14 4 
1371 428 1 0 8 421 1 2 
321 111 1 0 0 112 0 0 
11 1 3 0 0 4 0 0 
0 0 0 0 0 0 0 0 
6 3 0 0 0 3 0 0 
9 3 1 0 1 3 0 0 
52 26 0 0 0 26 0 10 
93 39 0 0 0 39 6 0 
531 177 3 0 0 180 8 3 
52 21 1 0 0 22 0 0 
3 0 1 0 1 0 0 0 
6 3 0 0 0 3 0 0 
13 2 3 0 0 5 0 1 
41 19 1 0 0 20 0 8 
23 10 1 0 0 11 0 3 
37 15 1 0 0 16 2 0 
797 238 0 0 0 238 0 0 
10 5 0 0 0 5 0 0 
20 1 7 0 0 8 0 0 
21 9 1 0 0 10 0 0 
7 2 1 0 1 2 0 0 
12 6 0 0 0 6 0 2 
14 6 0 0 0 6 0 0 
2 1 0 0 0 1 0 0 
22 5 4 0 1 8 0 0 
2 1 0 0 0 1 0 0 
8 4 0 0 0 4 0 0 
20 6 2 0 0 8 0 0 
26 10 2 0 1 11 0 0 
2 1 0 0 0 1 0 0 
0 0 0 0 0 0 0 0 
21 9 0 0 0 9 0 0 
33 13 0 0 0 13 0 0 
762 247 24 0 0 271 12 2 
127 49 2 0 0 51 0 2 
5 1 1 0 0 2 0 0 
4 2 0 0 0 2 0 0 
38 14 1 0 0 15 0 0 
17 8 0 0 0 8 0 0 
40 15 2 0 1 16 0 0 
0 0 0 0 0 0 0 0 
2 1 0 0 0 1 0 0 
8 4 0 0 0 4 0 2 
2 1 0 0 0 1 0 0 
47 17 2 0 0 19 0 0 
52 21 1 0 1 21 0 2 
195 74 2 0 2 74 0 2 
220 81 3 0 1 83 0 0 
155 56 3 0 1 58 0 0 
1218 372 4 0 3 373 0 0 
284 98 3 0 1 100 0 0 
116 39 5 0 1 43 2 0 
1556 489 12 0 0 501 11 5 
232 83 0 0 0 83 1 4 
22 4 5 0 1 8 0 0 
21 6 3 0 0 9 0 0 
28 8 3 0 0 11 0 0 
12 2 3 0 0 5 0 0 
39 12 4 0 1 15 0 0 
739 228 2 0 0 230 0 0 
9 2 2 0 0 4 0 0 
5 0 2 0 0 2 0 0 
7 0 3 0 0 3 0 0 
30 11 0 0 0 11 0 0 
505 172 1 0 0 173 0 0 
227 82 4 0 1 85 0 0 
151 55 2 0 0 57 0 0 
254 90 6 0 0 96 0 0 
55 20 1 0 1 20 0 0 
22 8 2 0 1 9 0 0 
8 2 1 0 0 3 0 0 
118 34 1 0 0 35 0 0 
542 183 1 0 0 184 0 0 
1829 620 31 0 0 651 28 13 
1905 610 62 0 0 672 39 13 
596 189 32 0 0 221 13 8 
600 200 16 0 0 216 14 10 
7 0 3 0 0 3 0 0 
11 0 3 1 0 4 0 0 
14 2 4 0 1 5 0 0 
51 23 2 0 0 25 0 6 
12 2 3 0 0 5 0 0 
266 89 2 0 0 91 0 0 
1171 389 6 0 0 395 8 5 
23 5 4 1 1 9 0 1 
28 12 2 0 0 14 0 0 
23 8 3 0 0 11 0 0 
175 61 6 0 0 67 4 0 
11 1 3 0 1 3 0 0 
36 15 2 0 1 16 0 6 
110 34 11 0 1 44 3 2 
4592 1418 25 0 1 1442 5 2 
73 26 1 0 1 26 0 0 
18 9 0 0 0 9 0 0 
1833 575 9 0 0 584 2 0 
310 104 8 0 0 112 2 0 
18 3 4 0 0 7 0 0 
5 0 1 1 1 1 0 0 
11 1 3 0 1 3 0 0 
19 8 1 0 0 9 0 0 
7 2 1 0 0 3 0 0 
367 124 0 0 0 124 0 1 
15 7 0 0 0 7 0 1 
35 17 0 0 0 17 0 6 
14 7 0 0 0 7 0 0 
4 2 0 0 0 2 0 0 
18 6 2 0 0 8 0 0 
3 0 1 0 0 1 0 0 
55 19 1 0 1 19 0 0 
390 131 8 0 0 139 2 0 
4004 1241 14 0 0 1255 10 4 
1702 552 6 0 0 558 2 2 
1333 461 14 0 2 473 18 6 
4083 1283 1 0 1 1283 0 12 
359 129 2 0 1 130 0 0 
2163 686 12 0 0 698 4 4 
734 250 1 0 0 251 2 0 
224 76 7 0 1 82 4 0 
67 24 1 0 0 25 0 0 
21 7 1 0 0 8 0 0 
15 3 3 0 0 6 0 0 
10 4 0 0 0 4 0 0 
818 256 0 0 0 256 0 0 
51 19 1 0 0 20 0 0 
6 3 0 0 0 3 0 0 
128 44 0 0 0 44 0 0 
311 98 6 0 0 104 2 0 
171 25 42 0 0 67 0 0 
3100 912 2 0 1 913 0 0 
4727 1474 1 0 0 1475 0 0 
3258 1044 3 0 0 1047 0 0 
1575 517 0 0 0 517 0 0 
20193 6251 1 0 0 6252 0 0 
4628 1396 1 0 0 1397 2 0 
2636 822 0 0 0 822 0 2 
191 75 0 0 0 75 0 0 
184 71 2 0 0 73 0 2 
133 50 0 0 0 50 0 0 
444 145 6 0 1 150 0 0 
383 137 0 0 0 137 2 2 
228 85 2 0 0 87 4 0 
199 78 0 0 0 78 0 0 
163 64 0 0 0 64 0 0 
166 63 4 0 0 67 0 2 
229 81 2 0 1 82 0 0 
254 87 0 0 0 87 0 0 
80 25 2 0 0 27 0 0 
70 25 2 0 1 26 0 0 
0 0 0 0 0 0 0 0 
33 13 0 0 0 13 0 0 
386 127 0 0 0 127 0 0 
105 37 0 0 0 37 0 0 
120 41 1 0 0 42 0 0 
20 3 5 0 0 8 0 0 
40 14 1 0 0 15 0 0 
13 6 0 0 0 6 0 0 
1095 462 1 0 0 463 0 94 
0 0 0 0 0 0 0 0 
3 0 1 0 0 1 0 0 
