3 1 0 0 0 1 0 0 
90 29 10 0 0 39 4 2 
1107 396 5 0 0 401 2 2 
729 217 16 0 0 233 3 0 
4723 1790 146 0 1 1935 1 0 
83 4 30 0 0 34 0 0 
381 79 70 0 0 149 6 0 
61 6 19 0 1 24 0 0 
130 11 42 0 3 50 0 0 
138 11 45 0 0 56 0 0 
46 4 14 0 0 18 0 0 
41 10 7 0 0 17 0 0 
42 9 8 0 0 17 0 0 
28 9 2 0 0 11 0 0 
17 6 1 0 1 6 0 0 
37 11 3 0 1 13 0 0 
72 13 17 0 3 27 0 0 
80 7 24 0 1 30 0 0 
378 13 109 0 1 121 0 0 
41 0 17 0 0 17 0 0 
50 0 18 0 0 18 0 0 
50 7 16 0 0 23 0 0 
18 7 0 0 0 7 0 0 
60 8 16 0 0 24 0 0 
83 27 8 0 0 35 8 0 
51 13 6 0 0 19 0 0 
35 14 0 0 0 14 0 0 
31 12 0 0 0 12 0 0 
37 8 6 0 0 14 0 0 
15 4 2 0 0 6 0 0 
37 11 3 0 1 13 0 0 
67 23 6 0 0 29 4 2 
51 14 7 0 1 20 0 2 
21 6 2 0 0 8 0 0 
30 8 4 0 0 12 0 1 
21 6 2 0 0 8 0 0 
43 15 3 0 0 18 0 0 
17 6 1 0 0 7 0 0 
15 5 1 0 0 6 0 0 
38 12 3 0 1 14 0 0 
44 15 4 0 0 19 2 2 
44 17 1 0 0 18 0 0 
13 4 1 0 0 5 0 0 
25 7 3 0 1 9 0 0 
29 2 8 0 0 10 0 0 
27 6 5 0 0 11 0 0 
80 11 18 0 1 28 0 0 
103 4 34 0 4 34 0 0 
82 7 25 0 3 29 0 0 
56 6 15 0 6 15 0 0 
53 10 12 0 0 22 0 0 
36 9 5 0 0 14 0 0 
48 10 8 0 1 17 0 0 
34 8 5 0 0 13 0 0 
56 9 12 0 0 21 0 1 
22 8 1 0 0 9 0 0 
45 16 3 0 0 19 0 1 
28 6 5 0 0 11 0 0 
31 12 0 0 0 12 0 0 
20 4 4 0 1 7 0 0 
27 7 4 0 2 9 0 0 
51 16 7 0 1 22 3 1 
104 38 5 0 1 42 1 4 
26 10 1 0 1 10 0 0 
25 5 5 0 2 8 0 0 
20 7 2 0 0 9 0 1 
48 10 9 0 2 17 0 0 
13 2 3 0 1 4 0 0 
32 10 3 0 0 13 0 0 
33 1 9 0 1 9 0 0 
33 14 0 0 0 14 0 0 
28 9 3 0 2 10 0 0 
34 14 1 0 1 14 0 1 
22 8 1 0 0 9 0 0 
28 10 1 0 0 11 0 0 
35 9 3 0 0 12 0 0 
42 12 4 0 1 15 0 0 
18 4 3 0 1 6 0 0 
57 11 10 0 0 21 0 0 
19 8 0 0 0 8 0 0 
15 5 1 0 0 6 0 0 
22 6 3 0 0 9 0 0 
30 12 0 0 0 12 0 0 
34 13 0 0 0 13 0 0 
96 29 10 0 1 38 0 0 
31 8 5 0 2 11 0 0 
33 11 2 0 0 13 0 0 
41 6 9 0 1 14 0 0 
47 8 9 0 0 17 0 0 
37 9 5 0 0 14 0 0 
35 9 4 0 1 12 0 0 
34 11 3 0 0 14 0 0 
99 32 10 0 1 41 4 4 
33 6 7 0 1 12 0 0 
28 8 4 0 1 11 0 0 
20 6 2 0 1 7 0 0 
23 9 1 0 0 10 0 0 
34 12 1 0 0 13 0 0 
53 14 7 0 0 21 0 0 
20 3 5 0 1 7 0 0 
18 6 1 0 0 7 0 0 
25 8 3 0 0 11 0 0 
21 8 0 0 0 8 0 0 
36 7 6 0 1 12 0 0 
10 3 1 0 0 4 0 0 
20 5 3 0 0 8 0 0 
152 57 3 0 2 58 0 0 
225 83 1 0 1 83 0 0 
82 27 4 0 2 29 0 0 
196 71 4 0 2 73 0 0 
89 11 22 0 1 32 0 0 
295 77 25 0 2 100 0 0 
49 19 1 0 1 19 0 0 
154 52 7 0 1 58 2 0 
28 10 2 0 1 11 0 0 
132 48 4 0 1 51 4 0 
140 55 1 0 0 56 0 2 
210 70 1 0 0 71 0 2 
16 6 0 0 0 6 0 0 
32 8 6 0 2 12 0 0 
38 12 3 0 2 13 0 0 
15 5 2 0 0 7 0 0 
84 28 8 0 1 35 4 4 
72 22 1 0 0 23 0 0 
665 189 43 0 0 232 6 0 
95 31 3 0 0 34 0 0 
43 8 8 0 0 16 0 0 
11 2 2 0 0 4 0 0 
20 6 2 0 0 8 0 0 
310 89 16 0 1 104 2 0 
129 25 24 0 0 49 2 0 
26 7 4 0 0 11 0 0 
57 20 1 0 0 21 0 0 
55 16 6 0 0 22 3 0 
155 44 16 0 2 58 5 0 
245 70 8 0 3 75 0 0 
354 87 43 0 1 129 2 0 
216 69 11 0 0 80 2 1 
44 12 4 0 0 16 0 0 
68 22 1 0 1 22 0 0 
16 7 0 0 0 7 0 0 
42 11 7 0 1 17 0 0 
42 11 6 0 3 14 0 0 
24 8 2 0 1 9 0 0 
48 18 2 0 0 20 0 0 
28 11 1 0 0 12 0 1 
16 7 0 0 0 7 0 0 
0 0 0 0 0 0 0 0 
46 11 6 0 0 17 0 0 
11 3 1 0 0 4 0 0 
39 15 1 0 0 16 0 0 
27 5 6 0 1 10 0 0 
93 30 10 0 1 39 4 4 
19 4 3 0 1 6 0 0 
32 9 4 0 0 13 0 0 
23 8 1 0 0 9 0 0 
32 13 0 0 0 13 0 0 
54 16 7 0 0 23 0 2 
8 3 0 0 0 3 0 0 
59 16 6 0 1 21 1 0 
123 37 14 0 0 51 1 0 
132 52 0 0 0 52 0 0 
156 59 1 0 0 60 0 0 
48 17 1 0 1 17 0 0 
132 34 15 0 2 47 0 0 
141 41 8 0 1 48 0 0 
296 101 5 0 1 105 0 0 
233 57 32 0 0 89 4 0 
2879 925 55 0 0 980 50 16 
983 297 39 0 0 336 14 4 
755 104 155 0 1 258 8 2 
73 18 10 0 0 28 4 0 
1033 298 28 0 1 325 8 0 
102 37 1 0 1 37 0 0 
382 129 2 0 1 130 4 0 
737 237 4 0 0 241 4 0 
43 16 2 0 0 18 2 0 
146 45 8 0 0 53 0 0 
29 11 1 0 0 12 0 0 
110 41 0 0 0 41 0 1 
17 7 1 0 0 8 0 0 
91 34 3 0 1 36 2 3 
2333 796 18 0 0 814 8 4 
9841 4034 8 0 1 4041 2 0 
8163 3174 7 0 0 3181 2 0 
7952 3220 3 0 0 3223 0 0 
4891 1810 6 0 0 1816 2 2 
5306 1989 2 0 0 1991 0 0 
5406 2001 7 0 0 2008 0 0 
4361 1672 2 0 0 1674 0 0 
6183 2219 3 0 1 2221 0 0 
6001 2220 0 0 0 2220 0 0 
7267 2834 0 0 0 2834 0 0 
5396 2002 0 0 0 2002 0 0 
7109 2563 7 0 1 2569 0 0 
5027 1888 0 0 0 1888 0 0 
5964 2254 2 0 1 2255 0 0 
5870 2239 0 0 0 2239 0 0 
4534 1743 2 0 0 1745 0 0 
4625 1677 7 0 0 1684 0 0 
5544 2117 4 0 0 2121 6 2 
440 151 5 0 1 155 2 0 
598 191 2 0 1 192 0 0 
1917 631 0 0 0 631 0 0 
2802 1137 0 0 0 1137 0 0 
5833 2113 2 0 0 2115 0 0 
2145 690 5 0 0 695 2 0 
2735 1087 3 0 0 1090 0 0 
2269 744 5 0 0 749 1 0 
3210 1263 12 0 0 1275 3 0 
244 76 5 0 0 81 0 0 
4743 1780 4 0 1 1783 0 0 
116 40 7 0 0 47 4 2 
5368 2000 6 0 1 2005 2 2 
974 331 2 0 0 333 0 0 
4503 1591 0 0 0 1591 0 0 
958 443 1 0 0 444 0 0 
1044 331 1 0 0 332 0 0 
3928 1488 2 0 0 1490 0 0 
4790 1753 7 0 0 1760 0 0 
2389 858 3 0 1 860 0 0 
5083 1911 1 0 0 1912 0 0 
2029 672 1 0 0 673 2 0 
3230 1297 0 0 0 1297 0 0 
3882 1353 6 0 1 1358 0 0 
5700 2225 2 0 1 2226 0 0 
3353 1145 3 0 1 1147 0 0 
6671 2576 1 0 0 2577 0 0 
7591 2730 3 0 0 2733 0 1 
7311 2809 8 0 1 2816 2 1 
7628 2806 5 0 0 2811 2 2 
6494 2552 6 0 0 2558 0 0 
4783 1756 3 0 1 1758 0 0 
6006 2215 4 0 0 2219 0 0 
4195 1613 3 0 0 1616 0 0 
207 69 1 0 0 70 0 0 
4912 1858 1 0 0 1859 0 0 
3 1 0 0 0 1 0 0 
61 22 1 0 0 23 0 0 
4992 1877 0 0 0 1877 0 1 
5004 1873 0 0 0 1873 0 2 
5403 1982 2 0 1 1983 0 0 
4617 1743 8 0 0 1751 4 4 
4384 1570 5 0 1 1574 0 2 
5307 1948 6 0 2 1952 0 0 
5257 1912 11 0 1 1922 0 0 
5713 2093 2 0 0 2095 0 2 
6573 2413 9 0 0 2422 0 0 
6498 2448 8 0 6 2450 0 0 
5637 2007 5 0 3 2009 0 0 
7460 2724 5 0 1 2728 0 0 
5797 2236 1 0 0 2237 0 0 
4649 1704 1 0 0 1705 0 0 
5048 1880 1 0 0 1881 0 0 
5190 1879 7 0 1 1885 0 0 
5804 2111 8 0 0 2119 0 0 
6087 2193 4 0 1 2196 0 0 
6810 2603 2 0 0 2605 0 0 
5357 2037 4 0 1 2040 0 0 
4468 1625 2 0 0 1627 0 0 
4975 1849 0 0 0 1849 0 0 
5639 2036 2 0 1 2037 0 1 
6622 2487 3 0 0 2490 0 0 
5597 2098 0 0 0 2098 0 0 
6956 2671 2 0 1 2672 0 0 
5419 2095 1 0 0 2096 0 0 
4883 1817 6 0 1 1822 0 0 
4894 1802 11 0 2 1811 2 0 
5108 1920 0 0 0 1920 0 2 
5117 1910 1 0 0 1911 0 0 
5638 2079 1 0 0 2080 0 0 
6059 2195 3 0 1 2197 0 1 
6540 2443 7 0 0 2450 4 3 
5792 2179 7 0 1 2185 0 3 
5036 1885 3 0 0 1888 0 0 
5097 1889 2 0 0 1891 0 0 
5489 1978 0 0 0 1978 0 0 
6536 2380 1 0 0 2381 0 0 
6225 2384 2 0 1 2385 0 0 
5164 1933 0 0 0 1933 0 0 
4189 1542 2 0 1 1543 0 0 
6314 2454 0 0 0 2454 0 0 
4764 1799 1 0 0 1800 0 0 
3523 1220 4 0 0 1224 0 0 
1870 754 18 0 0 772 2 0 
6660 2388 11 0 1 2398 0 0 
6998 2660 7 0 1 2666 0 0 
5486 2091 9 0 1 2099 0 0 
5809 2128 4 0 2 2130 0 2 
6819 2515 5 0 0 2520 0 0 
6777 2606 8 0 0 2614 2 0 
5532 2061 1 0 0 2062 0 0 
6264 2291 3 0 0 2294 0 0 
6677 2483 0 0 0 2483 0 0 
6210 2395 7 0 0 2402 0 0 
2389 806 2 0 1 807 0 0 
1118 434 0 0 0 434 0 0 
4140 1448 0 0 0 1448 0 0 
5731 2209 0 0 0 2209 0 0 
7880 2880 1 0 0 2881 0 0 
6831 2676 0 0 0 2676 0 0 
59 27 1 0 0 28 0 0 
28 8 3 0 1 10 0 0 
853 265 8 0 1 272 4 6 
4984 1862 7 0 0 1869 0 1 
6791 2501 2 0 0 2503 0 0 
8713 3311 1 0 0 3312 0 0 
3646 1454 3 0 0 1457 0 0 
5250 1979 5 0 0 1984 0 0 
4542 1703 6 0 0 1709 0 0 
13 2 3 0 1 4 0 0 
1934 632 0 0 0 632 0 0 
5249 1939 0 0 0 1939 0 0 
5155 1930 0 0 0 1930 0 0 
2712 1136 0 0 0 1136 0 0 
1369 417 7 0 1 423 0 0 
3379 1344 10 0 2 1352 0 0 
785 237 4 0 0 241 0 0 
7818 2874 2 0 2 2874 0 0 
7045 2683 8 0 0 2691 2 0 
5432 2018 8 0 0 2026 0 0 
7820 2919 0 0 0 2919 0 0 
6338 2430 4 0 1 2433 0 0 
4313 1648 1 0 0 1649 0 0 
11 2 2 0 0 4 0 0 
4820 1793 2 0 1 1794 0 0 
604 181 6 0 0 187 0 0 
4384 1665 6 0 0 1671 0 0 
5055 1900 3 0 0 1903 0 0 
4670 1760 4 0 0 1764 0 0 
5140 1926 2 0 0 1928 0 0 
5111 1934 2 0 0 1936 0 2 
5036 1869 7 0 1 1875 2 0 
5371 1947 7 0 0 1954 4 4 
5089 1903 3 0 1 1905 0 0 
5111 1900 2 0 0 1902 0 1 
6329 2358 0 0 0 2358 0 0 
6113 2311 2 0 0 2313 0 0 
6186 2407 8 0 0 2415 0 0 
4858 1788 7 0 0 1795 0 0 
4095 1469 3 0 1 1471 0 0 
5943 2262 1 0 0 2263 0 0 
6633 2399 0 0 0 2399 0 0 
6033 2281 1 0 0 2282 0 0 
3996 1483 0 0 0 1483 0 0 
5930 2224 7 0 1 2230 0 0 
4615 1735 2 0 1 1736 0 0 
4438 1685 1 0 0 1686 0 0 
5451 2047 0 0 0 2047 0 0 
5613 2118 3 0 0 2121 0 0 
6319 2426 0 0 0 2426 0 0 
5268 2021 7 0 0 2028 0 1 
4213 1479 3 0 0 1482 0 0 
5411 2065 1 0 0 2066 0 0 
4989 1873 1 0 0 1874 0 1 
4781 1802 2 0 0 1804 0 0 
2836 941 3 0 0 944 0 0 
4122 1577 3 0 1 1579 0 0 
3389 1320 8 0 0 1328 4 1 
6663 2385 3 0 0 2388 0 0 
5620 2183 0 0 0 2183 0 2 
4873 1832 0 0 0 1832 0 0 
776 232 3 0 1 234 0 0 
4118 1586 7 0 0 1593 4 4 
2898 966 4 0 2 968 0 2 
2327 973 9 0 0 982 0 0 
4752 1815 2 0 0 1817 0 0 
4887 1856 2 0 0 1858 0 0 
4991 1866 7 0 1 1872 0 0 
5279 1955 8 0 1 1962 0 0 
5128 1930 3 0 1 1932 0 2 
5146 1853 4 0 1 1856 0 0 
8113 3034 1 0 0 3035 0 0 
5283 2041 1 0 0 2042 0 0 
4849 1834 1 0 1 1834 0 0 
5566 2104 16 0 2 2118 0 0 
5526 2024 4 0 1 2027 0 0 
5328 1992 2 0 0 1994 0 0 
8164 3094 4 0 0 3098 0 0 
5576 2156 3 0 0 2159 0 0 
5753 2114 0 0 0 2114 0 0 
7343 2743 0 0 0 2743 0 0 
6469 2511 1 0 1 2511 0 0 
6306 2330 3 0 0 2333 0 0 
4909 1864 0 0 0 1864 0 0 
6979 2602 1 0 0 2603 0 0 
3334 1295 0 0 0 1295 0 0 
4252 1631 2 0 1 1632 0 0 
3854 1482 7 0 0 1489 0 0 
4819 1784 1 0 0 1785 0 0 
441 184 0 0 0 184 0 0 
4946 1857 10 0 2 1865 0 0 
4710 1758 5 0 2 1761 0 0 
5611 2047 8 0 0 2055 4 4 
1999 664 5 0 1 668 0 0 
4293 1676 4 0 0 1680 0 0 
47 19 1 0 0 20 0 2 
4819 1799 0 0 0 1799 0 0 
150 58 1 0 0 59 0 2 
1799 580 5 0 0 585 0 0 
3072 1248 0 0 0 1248 0 0 
4022 1444 2 0 1 1445 0 0 
5381 2051 0 0 0 2051 0 2 
1434 554 6 0 0 560 2 0 
5037 1884 7 0 0 1891 0 0 
5051 1901 8 0 1 1908 0 0 
4482 1727 3 0 1 1729 0 0 
4662 1751 2 0 0 1753 0 2 
5611 2067 1 0 0 2068 0 2 
4347 1691 3 0 0 1694 0 6 
4744 1816 0 0 0 1816 0 1 
4872 1823 1 0 0 1824 0 1 
4747 1762 0 0 0 1762 0 1 
2994 1031 2 0 0 1033 0 0 
6140 2365 0 0 0 2365 0 3 
5563 2141 2 0 0 2143 0 0 
4090 1451 0 0 0 1451 0 0 
4971 1881 6 1 1 1887 0 0 
6491 2497 1 0 1 2497 0 0 
5521 2055 1 0 0 2056 0 1 
5195 1968 2 0 0 1970 0 0 
4926 1850 1 0 0 1851 0 2 
4564 1730 2 0 1 1731 0 0 
4983 1858 7 0 0 1865 4 4 
4914 1832 4 0 1 1835 0 0 
4492 1689 2 0 0 1691 0 0 
4764 1801 1 0 0 1802 0 0 
5011 1883 2 0 0 1885 0 0 
4969 1853 9 0 0 1862 0 0 
4140 1483 5 0 0 1488 0 0 
4957 1895 0 0 0 1895 0 0 
3321 1193 3 0 1 1195 0 0 
4001 1509 0 0 0 1509 0 0 
5422 2015 1 0 0 2016 0 0 
3210 1267 1 0 0 1268 0 0 
4833 1829 1 0 0 1830 0 0 
6361 2336 9 0 2 2343 0 2 
7447 2863 0 0 0 2863 0 0 
3464 1267 1 0 0 1268 0 2 
6985 2729 9 0 0 2738 0 0 
4996 1881 0 0 0 1881 0 2 
4904 1861 4 0 0 1865 2 0 
5149 1949 0 0 0 1949 0 0 
2042 652 3 0 0 655 0 0 
4218 1634 2 0 0 1636 0 0 
4515 1646 0 0 0 1646 0 0 
3337 1226 2 0 0 1228 0 0 
4320 1638 3 0 0 1641 0 0 
2764 1158 4 0 0 1162 0 0 
4923 1827 12 0 1 1838 0 0 
3135 1066 2 0 0 1068 0 0 
4619 1755 2 0 1 1756 0 0 
2438 1023 5 0 1 1027 0 0 
4585 1716 7 0 0 1723 4 2 
5111 1930 3 0 1 1932 0 2 
480 147 1 0 0 148 0 0 
4621 1769 2 0 0 1771 0 0 
4897 1864 1 0 0 1865 0 0 
477 145 2 0 0 147 0 0 
4512 1734 7 0 0 1741 0 0 
1876 612 2 0 0 614 0 0 
3278 1318 5 0 1 1322 0 0 
4491 1623 0 0 0 1623 0 0 
3181 1146 0 0 0 1146 0 0 
3309 1264 3 0 0 1267 0 0 
3776 1483 3 0 1 1485 0 0 
4852 1838 8 0 2 1844 0 0 
4374 1618 2 0 0 1620 0 0 
1726 562 1 0 0 563 0 0 
4548 1736 4 0 0 1740 0 0 
4337 1646 0 0 0 1646 0 0 
4974 1855 7 0 0 1862 0 2 
4427 1709 1 0 0 1710 0 0 
4794 1832 4 0 1 1835 0 0 
4718 1783 1 0 0 1784 0 0 
5184 1944 1 0 0 1945 0 0 
4972 1873 2 0 0 1875 0 0 
4788 1805 2 0 0 1807 0 0 
5107 1893 1 0 0 1894 0 0 
5264 1918 0 0 0 1918 0 0 
5404 2075 2 0 1 2076 0 0 
4919 1863 3 0 0 1866 0 0 
5127 1906 2 0 0 1908 0 0 
4607 1745 7 0 1 1751 4 6 
1260 394 6 0 0 400 0 2 
4676 1769 9 0 1 1777 0 0 
4441 1720 2 0 0 1722 0 0 
4770 1800 2 0 0 1802 0 0 
4851 1808 4 0 0 1812 0 0 
4374 1653 3 0 0 1656 0 0 
14 2 3 0 0 5 0 0 
34 9 4 0 1 12 0 0 
3012 1025 5 0 0 1030 0 0 
5331 1985 4 0 1 1988 0 0 
5371 2062 3 0 1 2064 0 0 
4926 1820 14 0 1 1833 0 0 
4867 1833 12 0 2 1843 0 0 
4622 1726 3 0 0 1729 0 0 
5112 1929 3 0 0 1932 0 0 
4635 1706 2 0 0 1708 0 0 
3631 1307 1 0 0 1308 0 0 
4850 1849 1 0 0 1850 0 0 
6231 2411 0 0 0 2411 0 0 
4902 1828 2 0 0 1830 0 0 
3442 1243 3 0 0 1246 0 0 
4802 1821 1 0 0 1822 0 0 
6071 2314 0 0 0 2314 0 0 
5316 2027 7 0 0 2034 0 0 
359 177 1 0 0 178 0 0 
66 24 1 0 0 25 0 0 
147 57 2 0 0 59 2 4 
179 60 3 0 1 62 0 0 
161 58 3 0 0 61 0 0 
102 32 9 0 1 40 4 2 
114 41 4 0 0 45 0 2 
190 67 5 0 1 71 0 0 
261 94 8 0 2 100 0 0 
343 90 37 0 1 126 2 2 
147 47 3 0 0 50 0 0 
69 26 1 0 0 27 0 0 
102 35 4 0 0 39 0 0 
404 124 27 0 0 151 10 0 
412 104 33 0 1 136 2 0 
59 15 8 0 0 23 0 0 
205 61 20 0 0 81 8 0 
279 95 6 0 0 101 2 2 
200 59 11 0 2 68 0 0 
2 1 0 0 0 1 0 0 
71 23 1 0 0 24 0 0 
82 29 3 0 0 32 0 2 
150 51 0 0 0 51 0 0 
15 7 0 0 0 7 0 0 
151 46 5 0 0 51 0 0 
10 3 1 0 0 4 0 0 
125 39 2 0 0 41 0 0 
30 5 6 0 0 11 0 0 
34 12 2 0 1 13 0 0 
24 10 1 0 1 10 0 2 
28 9 3 0 1 11 0 0 
11 4 1 0 0 5 0 1 
31 13 1 0 0 14 0 2 
26 10 1 0 0 11 0 0 
74 28 1 0 1 28 0 0 
138 47 8 0 1 54 4 0 
208 58 26 0 0 84 0 5 
270 93 11 0 1 103 2 0 
65 19 7 0 0 26 0 0 
127 47 1 0 0 48 0 0 
225 83 3 0 0 86 0 0 
198 72 3 0 0 75 0 0 
123 46 1 0 0 47 0 0 
95 36 1 0 1 36 0 0 
210 76 3 0 1 78 0 0 
231 65 18 0 0 83 0 0 
185 65 0 0 0 65 0 0 
71 25 1 0 0 26 0 0 
141 41 14 0 2 53 0 0 
584 179 38 0 0 217 14 2 
8 4 0 0 0 4 0 0 
39 6 8 0 0 14 0 0 
14 6 1 0 0 7 0 2 
66 20 6 0 0 26 2 0 
51 20 0 0 0 20 2 0 
14 3 2 0 0 5 0 0 
8 0 3 0 0 3 0 0 
21 8 0 0 0 8 0 0 
25 9 2 0 0 11 0 1 
64 23 5 0 0 28 2 3 
30 7 5 0 0 12 0 1 
47 8 10 0 0 18 0 1 
53 21 2 0 0 23 0 3 
31 10 4 0 0 14 0 1 
11 4 1 0 0 5 0 0 
19 3 4 0 1 6 0 0 
75 26 7 0 1 32 4 4 
52 18 4 0 1 21 2 2 
44 14 4 0 0 18 0 0 
13 4 1 0 0 5 0 0 
2 0 1 0 0 1 0 0 
41 7 8 0 0 15 0 0 
5 0 2 0 0 2 0 0 
70 23 7 0 0 30 2 2 
34 12 2 0 1 13 0 0 
17 6 0 0 0 6 0 0 
23 9 1 0 0 10 0 0 
5 1 1 0 0 2 0 0 
31 10 3 0 1 12 0 1 
32 6 6 0 1 11 0 0 
5 0 2 0 0 2 0 0 
54 19 3 0 0 22 0 3 
123 46 0 0 0 46 0 2 
35 8 6 0 0 14 0 0 
4 1 1 0 0 2 0 0 
16 4 2 0 0 6 0 0 
6 0 2 0 0 2 0 0 
14 4 1 0 0 5 0 0 
38 15 2 0 0 17 0 1 
3 1 0 0 0 1 0 0 
10 3 1 0 1 3 0 0 
9 3 1 0 0 4 0 0 
