238.03333333333333 73.83333333333333 4.016666666666667 0.016666666666666666 69.6 6.05 0.43333333333333335 0.13333333333333333 731.5607053112923 231.09349959606305 5.460438525328247 0.12801909579781023 231.5834766702208 11.673938210104307 1.418528188730215 0.7180219742846001 3.0 4.0 4.666666666666667 1.75 8.333333333333332 2.25 
238.7 74.25 3.933333333333333 0.016666666666666666 69.5 6.55 0.43333333333333335 0.13333333333333333 731.3888455078687 230.97933709894198 5.52227811284035 0.1280190957978103 231.61221182542744 11.80173009915637 1.4185281887302152 0.7180219742846002 1.0 2.0 41.0 1.5 0.0 0.5 
55.583333333333336 17.05 3.25 0.0 9.9 8.366666666666667 0.4666666666666667 0.26666666666666666 118.2122796309908 38.07992690819315 3.93117878843823 0.0 34.38056621600829 12.217428352789941 1.4313940369055926 0.9463379711052259 2.0 2.0 24.0 2.0 8.0 0.0 
27.116666666666667 8.233333333333333 2.65 0.0 1.3666666666666667 7.666666666666667 0.4 0.3 38.30321643007135 12.624535194964167 3.5488260969885053 0.0 4.320365210900062 11.477030200457875 1.3063945294843609 0.9539392014169463 3.0 3.0 17.333333333333332 1.6666666666666667 177.33333333333334 0.3333333333333333 
28.483333333333334 8.65 2.75 0.03333333333333333 1.55 7.95 0.43333333333333335 0.3 38.41765725403995 12.640971745347214 3.50059518748836 0.1795054935711501 4.3681613218073005 11.569248030879105 1.3211947455070956 0.9539392014169465 2.0 2.0 17.0 1.5 98.0 0.5 
17.033333333333335 4.65 2.216666666666667 0.03333333333333333 0.8 4.166666666666667 0.16666666666666666 0.18333333333333332 18.372050027751996 6.475144786026024 2.137690862174001 0.17950549357115006 1.710750322714178 6.648725859558021 0.7564537145273483 0.7414325473178409 1.0 1.0 16.0 1.0 0.0 0.0 
16.0 4.4 2.1166666666666667 0.0 1.3833333333333333 3.4 0.2 0.2 22.049943310584723 8.079191378679758 2.2142844342034187 0.0 4.658653835128292 5.285830114561004 0.9451631252505215 0.7702813338860892 2.0 2.0 27.5 1.5 480.5 0.5 
24.133333333333333 7.416666666666667 2.066666666666667 0.0 3.533333333333333 4.316666666666666 0.2 0.2 49.586109165997506 17.464527540767374 2.495774206311318 0.0 13.5922363461238 6.208842261019541 0.9451631252505213 0.7702813338860891 2.0 2.0 17.5 1.5 60.5 0.5 
23.7 7.216666666666667 2.0833333333333335 0.0 3.6666666666666665 3.95 0.16666666666666666 0.18333333333333332 49.84452494172925 17.37823511049253 2.722080495176845 0.0 13.512545610982755 6.396418268583338 0.9159087776022726 0.7635807459303536 2.0 2.0 7.5 1.5 40.5 0.5 
15.4 3.9833333333333334 2.216666666666667 0.0 0.7833333333333333 3.55 0.16666666666666666 0.23333333333333334 16.85051927983229 5.751787161878953 2.3670774291424332 0.0 2.6463286937860784 5.496741458961542 0.7564537145273483 0.8239471396205514 1.0 1.0 44.0 1.0 0.0 0.0 
15.933333333333334 4.35 2.0166666666666666 0.0 0.5833333333333334 4.1 0.13333333333333333 0.2 18.182286862646173 6.523866440488596 2.6171973984058257 0.0 1.6959920073186923 6.672580710140066 0.7180219742846 0.7916228058025275 2.0 2.0 26.0 1.0 8.0 0.0 
18.466666666666665 5.133333333333334 2.3 0.0 0.65 4.866666666666666 0.2 0.23333333333333334 20.664354709391617 7.093345864650585 2.905741442959668 0.0 1.7495237447183556 7.237556370918449 0.7916228058025275 0.823947139620552 2.0 2.0 16.0 1.0 288.0 0.0 
19.35 5.116666666666666 2.7 0.0 0.48333333333333334 4.9 0.2 0.23333333333333334 20.360767012402384 7.167267416681355 2.871120571019847 0.0 1.3722447141656466 7.2656727148970885 0.7916228058025273 0.8239471396205515 2.0 2.0 25.0 1.0 288.0 0.0 
17.766666666666666 4.25 2.9 0.0 0.5166666666666667 4.0 0.2 0.16666666666666666 18.574504629255184 6.184995284288151 2.580051679068981 0.0 1.3843369853070064 6.191391873668904 0.7916228058025275 0.7564537145273482 2.0 2.0 22.5 1.0 144.5 0.0 
17.2 4.233333333333333 2.6333333333333333 0.016666666666666666 0.45 3.9833333333333334 0.2 0.2 17.79962546422443 6.530356464662213 2.3019315560826064 0.12801909579781018 1.3092618785661891 6.571381556077501 0.7916228058025275 0.7702813338860892 4.0 4.0 11.75 1.0 8.25 0.0 
18.133333333333333 4.766666666666667 2.45 0.016666666666666666 0.7 4.466666666666667 0.23333333333333334 0.2 18.933626758289662 6.646720160266181 2.4250429549460213 0.12801909579781023 1.8823743871327339 6.674495403316185 0.8239471396205512 0.770281333886089 4.0 4.0 11.75 1.0 34.916666666666664 0.0 
29.25 8.716666666666667 2.683333333333333 0.03333333333333333 3.1166666666666667 6.15 0.3 0.26666666666666666 54.982610887443315 18.65037235255342 2.8076779650728385 0.17950549357115 14.113931258000209 7.850318464877716 0.8812869377601528 0.8137703743822465 4.0 4.0 12.5 1.0 95.0 0.0 
30.716666666666665 8.816666666666666 3.2666666666666666 0.016666666666666666 3.316666666666667 6.05 0.26666666666666666 0.23333333333333334 55.20087308085705 18.672164368980425 3.4052247437659022 0.1280190957978102 14.145071776260286 7.912911390042646 0.8537498983243799 0.8034647195462638 2.0 2.0 16.0 1.0 72.0 0.0 
28.733333333333334 7.966666666666667 3.283333333333333 0.016666666666666666 2.9833333333333334 5.483333333333333 0.23333333333333334 0.23333333333333334 55.25482382159548 18.78826465879402 3.3421134364683405 0.12801909579781026 14.129746006996125 7.925679080614408 0.8239471396205517 0.8034647195462632 2.0 2.0 20.5 1.0 112.5 0.0 
17.716666666666665 4.05 3.066666666666667 0.0 0.5833333333333334 3.8333333333333335 0.16666666666666666 0.16666666666666666 18.81674047815461 6.624260965068731 2.9713446264088734 0.0 1.8192641980268338 6.636180293579198 0.7564537145273482 0.7564537145273482 1.0 1.0 22.0 1.0 0.0 0.0 
13.833333333333334 2.8666666666666667 2.6 0.0 0.3 2.816666666666667 0.06666666666666667 0.08333333333333333 12.603130122667501 4.248398391027953 2.267156809750927 0.0 1.0376254944182262 4.287546565992672 0.5120763831912409 0.5257270098529168 2.0 2.0 20.5 1.0 684.5 0.0 
45.75 14.616666666666667 2.9 0.0 11.266666666666667 4.05 0.5 0.15 98.23434989859707 34.85019926612887 2.947880594596735 0.0 34.17302379883226 7.209773459224175 1.7748239349298849 0.726291952316698 1.0 1.0 22.0 1.0 0.0 0.0 
49.31666666666667 16.1 2.816666666666667 0.0 12.016666666666667 4.75 0.5 0.18333333333333332 98.43076952299464 34.91308255272419 3.041335598420901 0.0 34.11719589232907 8.745713235637217 1.7748239349298849 0.7635807459303539 2.0 2.0 26.0 1.0 1152.0 0.0 
50.85 16.716666666666665 2.85 0.0 12.383333333333333 5.083333333333333 0.5333333333333333 0.16666666666666666 98.14968585448113 34.772159201803305 2.937260628544904 0.0 34.00641687812596 9.017190372961087 1.783878421367951 0.7564537145273483 2.0 2.0 23.0 1.0 200.0 0.0 
