0.011 0.011 0.081 0.017 0.102 0.011 0.037 0.117 0.092 0.092 0.122 0.128 0.207 0.092 0.115 0.312 20.0 20.0 4.35 1.65 33.6078947368421 1.6078947368421053 
0.011 0.012 0.082 0.017 0.107 0.011 0.037 0.122 0.092 0.092 0.122 0.128 0.208 0.092 0.115 0.316 15.0 14.0 6.266666666666667 1.8571428571428572 54.06666666666667 2.131868131868132 
0.011 0.011 0.082 0.017 0.101 0.011 0.035 0.117 0.092 0.092 0.122 0.128 0.195 0.092 0.114 0.312 16.0 17.0 5.75 1.6470588235294117 43.666666666666664 1.2426470588235294 
0.011 0.011 0.093 0.017 0.069 0.01 0.038 0.098 0.092 0.092 0.136 0.128 0.143 0.092 0.125 0.249 16.0 16.0 6.0 1.5 52.8 1.2 
0.078 0.076 0.12 0.008 0.065 0.077 0.042 0.094 0.12 0.136 0.158 0.091 0.138 0.177 0.133 0.246 15.0 14.0 6.533333333333333 1.5714285714285714 49.55238095238095 1.3406593406593408 
0.067 0.065 0.128 0.0 0.053 0.092 0.056 0.108 0.122 0.129 0.167 0.0 0.132 0.202 0.169 0.27 14.0 13.0 7.142857142857143 1.5384615384615385 50.13186813186814 1.4358974358974361 
0.075 0.072 0.137 0.017 0.054 0.088 0.056 0.108 0.127 0.136 0.165 0.128 0.133 0.203 0.169 0.27 14.0 13.0 7.428571428571429 1.2307692307692308 44.879120879120876 0.358974358974359 
0.073 0.07 0.135 0.025 0.052 0.072 0.056 0.089 0.128 0.137 0.166 0.156 0.132 0.171 0.169 0.209 14.0 14.0 7.214285714285714 1.3571428571428572 37.87362637362637 0.554945054945055 
0.074 0.072 0.133 0.025 0.052 0.08 0.056 0.089 0.128 0.137 0.169 0.156 0.132 0.176 0.169 0.209 15.0 14.0 6.8 1.2857142857142858 37.885714285714286 0.37362637362637363 
0.077 0.07 0.15 0.042 0.053 0.081 0.058 0.092 0.132 0.138 0.191 0.2 0.14 0.181 0.17 0.22 13.0 13.0 7.923076923076923 1.3076923076923077 58.91025641025641 0.3974358974358974 
0.01 0.01 0.15 0.042 0.009 0.023 0.075 0.101 0.091 0.091 0.193 0.2 0.091 0.096 0.198 0.223 15.0 14.0 6.8 1.2857142857142858 51.028571428571425 0.37362637362637363 
0.01 0.01 0.14 0.042 0.009 0.021 0.061 0.089 0.091 0.091 0.19 0.2 0.091 0.095 0.171 0.211 16.0 15.0 6.25 1.3333333333333333 48.2 0.38095238095238093 
0.01 0.01 0.135 0.025 0.009 0.02 0.061 0.089 0.091 0.091 0.192 0.156 0.091 0.095 0.171 0.211 19.0 19.0 5.105263157894737 1.2105263157894737 43.32163742690059 0.28654970760233917 
0.01 0.01 0.138 0.025 0.009 0.019 0.061 0.083 0.091 0.091 0.191 0.156 0.091 0.094 0.171 0.217 20.0 20.0 4.85 1.15 40.449999999999996 0.13421052631578947 
0.01 0.01 0.151 0.033 0.009 0.018 0.067 0.09 0.091 0.091 0.194 0.18 0.091 0.094 0.174 0.22 19.0 18.0 5.2105263157894735 1.1666666666666667 30.842105263157897 0.14705882352941177 
0.011 0.011 0.201 0.033 0.01 0.016 0.056 0.131 0.091 0.091 0.228 0.18 0.091 0.093 0.15 0.32 20.0 19.0 4.85 1.2105263157894737 22.02894736842105 0.17543859649122806 
0.018 0.017 0.201 0.042 0.016 0.076 0.125 0.117 0.092 0.092 0.226 0.2 0.092 0.22 0.324 0.312 21.0 21.0 4.523809523809524 1.1904761904761905 14.261904761904763 0.16190476190476188 
0.017 0.017 0.199 0.042 0.016 0.074 0.125 0.114 0.092 0.092 0.226 0.2 0.092 0.214 0.318 0.306 23.0 22.0 3.9565217391304346 1.3181818181818181 14.40711462450593 0.3225108225108225 
0.018 0.017 0.197 0.042 0.016 0.087 0.125 0.114 0.092 0.092 0.225 0.2 0.092 0.22 0.304 0.306 18.0 17.0 5.333333333333333 1.411764705882353 13.294117647058824 0.3823529411764706 
0.017 0.017 0.191 0.033 0.016 0.086 0.125 0.114 0.092 0.092 0.228 0.18 0.092 0.224 0.304 0.306 19.0 18.0 5.052631578947368 1.3333333333333333 18.385964912280702 0.35294117647058826 
0.017 0.017 0.13 0.025 0.016 0.095 0.125 0.103 0.092 0.092 0.165 0.156 0.092 0.234 0.304 0.298 19.0 18.0 5.052631578947368 1.3333333333333333 16.385964912280702 0.35294117647058826 
0.085 0.08 0.112 0.008 0.07 0.092 0.125 0.108 0.13 0.138 0.16 0.091 0.146 0.225 0.298 0.299 21.0 20.0 4.476190476190476 1.3 16.261904761904763 0.3263157894736842 
0.103 0.106 0.11 0.0 0.075 0.081 0.117 0.103 0.135 0.168 0.158 0.0 0.147 0.214 0.287 0.294 20.0 19.0 4.75 1.3157894736842106 17.56578947368421 0.3391812865497076 
0.125 0.13 0.127 0.008 0.095 0.056 0.125 0.106 0.152 0.186 0.17 0.091 0.164 0.152 0.304 0.301 16.0 15.0 6.4375 1.1333333333333333 38.12916666666667 0.12380952380952381 
0.127 0.132 0.131 0.008 0.097 0.054 0.133 0.067 0.156 0.192 0.17 0.091 0.164 0.153 0.327 0.194 16.0 16.0 6.3125 1.1875 41.1625 0.1625 
0.132 0.137 0.134 0.01 0.102 0.051 0.139 0.067 0.163 0.197 0.17 0.099 0.171 0.157 0.331 0.196 13.0 12.0 6.615384615384615 1.25 41.75641025641026 0.20454545454545456 
0.184 0.172 0.165 0.012 0.131 0.056 0.123 0.069 0.211 0.237 0.207 0.11 0.208 0.169 0.31 0.199 12.0 11.0 5.666666666666667 1.1818181818181819 42.6060606060606 0.16363636363636364 
0.181 0.164 0.235 0.016 0.127 0.057 0.131 0.066 0.226 0.251 0.262 0.127 0.218 0.171 0.325 0.204 7.0 7.0 7.571428571428571 1.1428571428571428 59.95238095238096 0.14285714285714285 
0.203 0.194 0.224 0.024 0.155 0.056 0.146 0.068 0.256 0.275 0.275 0.154 0.243 0.184 0.353 0.215 6.0 5.0 5.833333333333333 1.2 20.166666666666668 0.2 
