13.283333333333333 4.083333333333333 1.3333333333333333 0.0 1.7833333333333334 2.283333333333333 0.26666666666666666 0.5666666666666667 18.76440927808695 7.107019222024259 1.5129074290546956 0.0 4.274309560879068 5.170724213191887 0.5436502143433365 1.28279209365959 8.0 8.0 4.875 1.625 13.267857142857142 0.5535714285714286 
16.216666666666665 5.033333333333333 1.7166666666666666 0.0 1.65 3.4 0.2 1.0 25.223726705007113 10.451422019142766 1.684158213734354 0.0 4.273269630310417 9.517002329165068 0.43969686527576374 2.786873995477131 6.0 6.0 8.166666666666666 1.5 18.166666666666668 0.7 
13.35 4.133333333333334 1.5 0.0 1.6333333333333333 2.5166666666666666 0.2 0.95 21.98243617072503 9.627160652145692 1.4888474289418197 0.0 4.226766560333745 8.941460855040535 0.4396968652757638 2.777438868214143 6.0 7.0 8.166666666666666 1.2857142857142858 20.966666666666665 0.2380952380952381 
11.616666666666667 3.533333333333333 1.3166666666666667 0.016666666666666666 1.6 1.9166666666666667 0.2 0.7833333333333333 21.780795567553433 9.42773685580066 1.47751668537298 0.12801909579781018 4.235563716909471 8.641550143862442 0.4396968652757637 2.671402045535054 11.0 10.0 4.0 1.5 10.0 0.9444444444444444 
7.166666666666667 1.7833333333333334 1.0666666666666667 0.03333333333333333 1.5666666666666667 0.2 0.2 0.2833333333333333 10.181955716964314 4.258683938599914 1.1953614051360735 0.17950549357115006 4.168799454146107 0.9273618495495699 0.43969686527576374 0.8581310441237336 13.0 13.0 3.0 1.5384615384615385 6.0 0.935897435897436 
7.983333333333333 2.0166666666666666 1.1166666666666667 0.03333333333333333 1.5833333333333333 0.4166666666666667 0.2 0.3 11.742361583410533 4.417735719674602 1.415293452099442 0.17950549357115 4.216205508379411 1.508770654834223 0.4396968652757638 0.9000000000000007 15.0 14.0 2.466666666666667 1.4285714285714286 4.838095238095238 0.879120879120879 
8.583333333333334 2.0166666666666666 1.3333333333333333 0.06666666666666667 1.5833333333333333 0.4166666666666667 0.2 0.3 12.740083289453892 4.470241107094287 1.6295875415440422 0.2494438257849294 4.271189009579833 1.5087706548342235 0.4760952285695231 0.9000000000000007 13.0 13.0 3.0 1.4615384615384615 6.333333333333333 0.7692307692307692 
9.633333333333333 2.1166666666666667 1.6833333333333333 0.05 1.5833333333333333 0.48333333333333334 0.2 0.3 13.686936188286339 4.593806216587239 1.987390807622452 0.2179449471770336 4.282879353373796 1.454781388693467 0.47609522856952313 0.9000000000000007 10.0 11.0 4.4 1.3636363636363635 11.6 0.6545454545454545 
9.966666666666667 1.9666666666666666 2.033333333333333 0.05 1.5833333333333333 0.3333333333333333 0.2 0.3 13.542484590683088 4.895462751932196 2.2506789099193054 0.21794494717703355 4.228047881574768 1.2202003478482086 0.43969686527576374 0.9000000000000007 7.0 7.0 6.857142857142857 1.5714285714285714 32.476190476190474 0.9523809523809523 
9.95 2.0833333333333335 1.9333333333333333 0.0 1.65 0.45 0.2 0.3 12.857455684024997 4.831465156198021 2.1202725191718996 0.0 4.178616198376363 1.2835497652993437 0.39999999999999997 0.9000000000000007 8.0 8.0 5.875 1.5 30.125 0.8571428571428571 
8.866666666666667 2.05 1.5 0.016666666666666666 1.6166666666666667 0.45 0.2 0.3 12.788623416493616 4.852576635149619 1.9536291016123473 0.12801909579781015 4.175690229038655 1.3469100440143233 0.39999999999999997 0.9000000000000007 8.0 8.0 5.0 2.125 24.285714285714285 2.125 
8.1 2.1166666666666667 1.0666666666666667 0.016666666666666666 1.6166666666666667 0.5166666666666667 0.2 0.3 12.536214207912481 4.385930789340945 1.4817407180595243 0.1280190957978102 4.175690229038656 1.2040441114104679 0.39999999999999997 0.9000000000000007 9.0 8.0 4.444444444444445 2.0 12.027777777777779 2.0 
9.783333333333333 2.5833333333333335 1.2833333333333334 0.016666666666666666 1.6833333333333333 0.9833333333333333 0.26666666666666666 0.36666666666666664 15.871454109676137 5.292421206047589 1.9243324961023645 0.12801909579781026 4.287546565992676 2.7838322906062825 0.5120763831912406 0.94809751022186 7.0 7.0 5.714285714285714 2.7142857142857144 19.238095238095237 2.904761904761905 
10.3 2.5166666666666666 1.5833333333333333 0.0 1.6833333333333333 0.9166666666666666 0.26666666666666666 0.36666666666666664 15.766314301911741 5.255129768986577 1.9688547150282296 0.0 4.295313984125287 2.770629691764831 0.5120763831912408 0.9480975102218602 7.0 7.0 6.428571428571429 2.0 28.952380952380953 2.3333333333333335 
10.0 2.45 1.5333333333333334 0.0 1.6833333333333333 0.85 0.26666666666666666 0.36666666666666664 15.10518674716293 5.261257771040435 1.839081896551163 0.0 4.295313984125288 2.743628983663793 0.5120763831912409 0.9480975102218601 8.0 8.0 5.75 1.5 27.357142857142858 0.8571428571428571 
8.283333333333333 2.1 1.1666666666666667 0.0 1.7833333333333334 0.26666666666666666 0.2 0.3 12.145083596071109 4.563259069276402 1.4043582955293927 0.0 4.416226393150101 0.9637888196533966 0.39999999999999997 0.9000000000000007 10.0 10.0 4.3 1.6 17.34444444444444 1.1555555555555557 
7.533333333333333 2.1333333333333333 0.85 0.0 1.95 0.13333333333333333 0.2 0.3 13.032608675506559 4.852719741432519 1.3016015775446286 0.0 4.684815898197069 0.6944222218666548 0.39999999999999997 0.9000000000000007 10.0 9.0 3.4 2.3333333333333335 5.377777777777778 4.249999999999999 
9.4 2.5833333333333335 1.0833333333333333 0.016666666666666666 2.3833333333333333 0.25 0.23333333333333334 0.31666666666666665 21.793118179829154 7.183990689179813 1.9086790079936324 0.12801909579781015 6.5931572271729015 1.4448183276799889 0.5280993172584952 0.957282032051625 10.0 10.0 3.4 2.5 4.488888888888889 4.722222222222222 
9.416666666666666 2.4833333333333334 1.2166666666666666 0.05 2.15 0.38333333333333336 0.23333333333333334 0.31666666666666665 21.560992298335623 7.112176569486704 1.9329741045572473 0.2179449471770336 6.4571020331621405 1.6841582137343534 0.5280993172584952 0.957282032051625 8.0 8.0 4.375 3.0 4.553571428571429 5.714285714285714 
10.5 2.5 1.6 0.05 2.0166666666666666 0.5666666666666667 0.23333333333333334 0.31666666666666665 21.13803838265667 7.005949852327901 2.0016659728003243 0.21794494717703358 6.2649598739514865 2.0845996151672774 0.5280993172584951 0.9572820320516249 8.0 7.0 5.375 1.8571428571428572 7.410714285714286 2.4761904761904763 
8.616666666666667 1.9166666666666667 1.4666666666666666 0.06666666666666667 1.5833333333333333 0.31666666666666665 0.2 0.3 12.077653837654985 4.630664699106981 1.5434449203720297 0.24944382578492938 4.228047881574768 1.5544738302361016 0.4396968652757638 0.9000000000000007 8.0 9.0 5.375 1.7777777777777777 5.696428571428571 2.4444444444444446 
8.85 2.05 1.4166666666666667 0.03333333333333333 1.6166666666666667 0.45 0.2 0.3 11.900735271402352 4.595015415280636 1.5087706548342226 0.17950549357115006 4.22331491708692 1.7265090018106863 0.4396968652757637 0.9000000000000007 11.0 11.0 4.0 1.3636363636363635 6.0 0.8545454545454546 
7.566666666666666 1.9833333333333334 1.0 0.03333333333333333 1.5833333333333333 0.38333333333333336 0.2 0.3 11.586438432734866 4.470241107094286 1.2110601416389966 0.17950549357115 4.220156658492931 1.4034679270372448 0.43969686527576374 0.9000000000000007 13.0 12.0 3.076923076923077 1.4166666666666667 4.576923076923077 1.3560606060606057 
7.8 2.1166666666666667 0.9666666666666667 0.0 1.7166666666666666 0.38333333333333336 0.21666666666666667 0.3 13.043261350853424 4.50219082472325 1.4487542541400484 0.0 4.266503903145471 1.4034679270372448 0.4506168611531923 0.9000000000000007 11.0 12.0 3.1818181818181817 2.0 5.163636363636364 3.090909090909091 
8.1 2.0833333333333335 1.15 0.0 1.75 0.35 0.21666666666666667 0.3 13.0673894357927 4.514021365577362 1.6002603954773524 0.0 4.330608117420308 1.2223611032205943 0.4861984048604938 0.9000000000000007 11.0 10.0 3.3636363636363638 2.2 6.054545454545456 3.511111111111111 
9.966666666666667 2.6 1.3333333333333333 0.016666666666666666 2.35 0.23333333333333334 0.2833333333333333 0.3333333333333333 15.251193031657849 5.574346000503855 1.545603082582617 0.12801909579781015 5.516112761719072 0.9723968097209876 0.6853628398317361 0.9249624617007743 11.0 10.0 3.727272727272727 1.8 5.618181818181819 2.6222222222222222 
9.733333333333333 2.466666666666667 1.4166666666666667 0.016666666666666666 2.216666666666667 0.23333333333333334 0.26666666666666666 0.3333333333333333 14.15140354248377 5.518051185780075 1.4976833963009524 0.1280190957978102 5.453108186061311 0.9723968097209874 0.6548960901462832 0.9249624617007745 11.0 11.0 3.909090909090909 1.2727272727272727 5.490909090909091 0.41818181818181815 
9.25 2.45 1.25 0.016666666666666666 2.183333333333333 0.21666666666666667 0.3 0.36666666666666664 14.047093412280468 5.551050951546625 1.4448183276799889 0.12801909579781026 5.402134351860892 1.1845064607487612 0.6658328118479391 0.9480975102218601 13.0 12.0 3.1538461538461537 1.5 4.3076923076923075 0.8181818181818182 
