11.416666666666666 3.3833333333333333 1.1833333333333333 0.0 1.5833333333333333 1.7833333333333334 0.3 0.4 16.838736756525275 6.537307464766275 1.7934293654585025 0.0 4.495522463765721 4.404889959528561 0.714142842854285 1.06770782520313 14.0 14.0 2.7142857142857144 1.5 10.527472527472526 0.7307692307692307 
9.716666666666667 2.45 1.4 0.0 1.6166666666666667 0.85 0.23333333333333334 0.3333333333333333 13.722356049729783 5.178239726651007 1.665332799572906 0.0 4.491071389125565 2.827395739309707 0.6155395104206464 0.9249624617007745 14.0 13.0 2.7857142857142856 1.5384615384615385 16.181318681318682 0.7692307692307693 
8.5 2.183333333333333 1.25 0.0 1.5833333333333333 0.45 0.2 0.3 11.324751652906125 4.685053065038026 1.5013882464794597 0.0 4.44331582892276 1.4880076164679608 0.5715476066494078 0.9000000000000007 14.0 15.0 2.857142857142857 1.2 16.901098901098898 0.17142857142857143 
8.5 2.183333333333333 1.2166666666666666 0.016666666666666666 1.5833333333333333 0.43333333333333335 0.2 0.3 11.070230349906907 4.54419654308902 1.4954560805616754 0.12801909579781015 4.44331582892276 1.3337499349161714 0.571547606649408 0.9000000000000007 10.0 9.0 4.4 1.6666666666666667 21.37777777777778 2.7499999999999996 
7.983333333333333 2.183333333333333 1.0666666666666667 0.016666666666666666 1.5833333333333333 0.43333333333333335 0.2 0.3 10.693442954550335 4.291432032420983 1.4704496666741846 0.1280190957978102 4.235924403899998 1.3585122581543216 0.5715476066494078 0.9000000000000007 11.0 11.0 3.090909090909091 1.6363636363636365 5.090909090909091 2.2545454545454544 
8.0 2.0166666666666666 1.1833333333333333 0.03333333333333333 1.5333333333333334 0.43333333333333335 0.2 0.31666666666666665 10.945318634009702 4.333942264907962 1.6277967386078094 0.17950549357115003 4.29133493863571 1.3585122581543223 0.5999999999999996 0.903542411228653 8.0 7.0 5.0 2.4285714285714284 22.571428571428573 3.619047619047619 
8.466666666666667 2.183333333333333 1.15 0.03333333333333333 1.5833333333333333 0.5666666666666667 0.2 0.31666666666666665 11.014334094967138 4.518449832507702 1.4699773240881415 0.1795054935711501 4.228047881574768 1.7162620882474666 0.571547606649408 0.903542411228653 8.0 7.0 5.625 2.0 30.839285714285715 1.3333333333333333 
8.1 1.9833333333333334 1.1833333333333333 0.03333333333333333 1.55 0.36666666666666664 0.2 0.35 11.36471146429449 4.738113783165428 1.4316850988336163 0.17950549357115003 4.4400638133552395 1.5912957683040017 0.5715476066494078 0.927811043981119 9.0 8.0 4.666666666666667 1.75 12.5 1.3571428571428572 
8.0 2.1 1.0666666666666667 0.016666666666666666 1.6166666666666667 0.5 0.2 0.3333333333333333 12.214745187681975 4.938623289946299 1.249888883950178 0.1280190957978103 4.665803491599516 1.6881943016134133 0.5715476066494078 0.9249624617007745 10.0 9.0 4.2 1.6666666666666667 13.511111111111111 2.7499999999999996 
7.816666666666666 2.1166666666666667 1.0 0.016666666666666666 1.6166666666666667 0.5166666666666667 0.2 0.3333333333333333 11.908668644684377 4.733186617444484 1.2110601416389966 0.12801909579781018 4.722611095099359 1.3353110332636204 0.5999999999999996 0.9249624617007745 11.0 10.0 3.6363636363636362 1.9 6.654545454545454 2.5444444444444443 
10.483333333333333 3.066666666666667 1.1166666666666667 0.016666666666666666 1.8166666666666667 1.4666666666666666 0.26666666666666666 0.3333333333333333 16.04627855783252 6.079656423040879 1.4729976993268596 0.12801909579781023 4.72049314749588 4.402524528293081 0.6798692684790382 0.9249624617007743 9.0 10.0 4.222222222222222 1.8 7.944444444444445 1.7333333333333336 
11.3 3.1 1.4 0.016666666666666666 1.75 1.5 0.26666666666666666 0.3333333333333333 15.675139552807817 5.906775770248943 1.7907168024751055 0.1280190957978103 4.500462939150445 4.406434688800762 0.6798692684790382 0.9249624617007743 8.0 7.0 5.5 2.0 13.714285714285714 2.3333333333333335 
11.9 3.3 1.45 0.0 1.75 1.7 0.3333333333333333 0.4 17.23146347044653 6.522525073415458 1.7834890897713191 0.0 4.4483142874576656 5.077072647369419 0.6992058987801009 1.0677078252031307 6.0 5.0 7.833333333333333 2.4 36.96666666666667 2.8 
10.366666666666667 2.75 1.35 0.0 1.5666666666666667 1.15 0.3 0.4 14.101969917552495 5.512485827646181 1.5036067748362054 0.0 4.443597141455957 3.2955778451332822 0.6403124237432848 1.0519822558706324 5.0 5.0 10.0 1.6 49.0 0.7999999999999999 
9.683333333333334 2.683333333333333 1.1333333333333333 0.0 1.5833333333333333 1.0833333333333333 0.3 0.4 13.902627649317072 5.548247971707421 1.1469767022723505 0.0 4.439563291836509 3.3231093204340323 0.6403124237432848 1.0519822558706322 8.0 8.0 6.125 1.25 47.267857142857146 0.5 
19.333333333333332 6.316666666666666 1.4666666666666666 0.0 1.6666666666666667 4.716666666666667 0.3 0.3333333333333333 35.08497620856476 13.980333408836222 1.4772346537440226 0.0 4.493204745934567 12.68475681893648 0.7810249675906658 0.9067647005823635 10.0 10.0 4.5 1.2 25.61111111111111 0.4 
179.75 58.416666666666664 6.883333333333334 0.0 16.583333333333332 47.3 2.816666666666667 0.5666666666666667 422.4906951638107 134.06904833787038 21.286217502307814 0.0 72.8421333356519 109.04376797109192 9.95572141478903 1.3828312341794358 10.0 10.0 4.1 1.2 21.433333333333334 0.4 
194.5 64.15 7.283333333333333 0.0 19.783333333333335 49.916666666666664 3.0 1.0666666666666667 420.90594753064096 133.6091095946181 21.201487107171413 0.0 73.51419175158556 108.37931716378773 10.003332777962886 1.9567546828585565 5.0 6.0 10.6 1.0 94.8 0.0 
187.31666666666666 61.61666666666667 7.033333333333333 0.0 20.366666666666667 46.75 2.933333333333333 1.0666666666666667 422.6860336651255 134.12756262437466 21.25477724078884 0.0 73.40367081344704 109.00131879936133 10.009773002199172 1.956754682858557 6.0 5.0 9.0 1.0 72.4 0.0 
35.05 13.033333333333333 1.7 0.016666666666666666 6.966666666666667 6.15 0.38333333333333336 0.9333333333333333 62.49037925953084 23.569023927368924 1.6563010998406458 0.12801909579781015 14.871635940795326 10.917608101899734 1.5065597307183747 1.7403703309608807 5.0 5.0 7.0 1.0 39.5 0.0 
23.9 8.95 1.3166666666666667 0.03333333333333333 4.666666666666667 4.366666666666666 0.23333333333333334 0.6666666666666666 23.4027776129245 9.890104482090504 1.3477347249696023 0.1795054935711501 6.548960901462835 6.158914045692001 0.6420453428086076 1.5881505666095472 6.0 5.0 8.833333333333334 1.2 154.16666666666666 0.2 
23.133333333333333 8.55 1.2666666666666666 0.06666666666666667 4.4 4.2 0.26666666666666666 0.7 22.638806407484378 9.408196780821852 1.2892719737209135 0.24944382578492938 6.372336044706578 6.084954121985366 0.6798692684790382 1.5947831618540922 3.0 3.0 14.0 1.3333333333333333 301.0 0.3333333333333333 
22.083333333333332 8.15 1.15 0.05 4.416666666666667 3.8833333333333333 0.26666666666666666 0.8666666666666667 23.270361454481584 9.801062867532956 1.5256146302392357 0.21794494717703358 6.834451128087918 5.351297869572285 0.6798692684790382 1.944793619441976 5.0 5.0 10.6 1.2 38.300000000000004 0.2 
1260.0 381.28333333333336 1.4666666666666666 0.03333333333333333 378.03333333333336 3.433333333333333 0.3 0.7 5868.886393516235 1760.5624204750277 1.7931970208417018 0.17950549357115 1760.9428342667902 5.126293874612428 0.714142842854285 1.605199883711268 7.0 6.0 7.571428571428571 1.0 35.285714285714285 0.0 
1260.7833333333333 381.8333333333333 1.4 0.0 377.73333333333335 4.316666666666666 0.26666666666666666 1.2 5868.728454249884 1760.4517523130883 1.8000000000000003 0.0 1761.0065291064534 6.890794987195277 0.6798692684790382 2.4138489320308896 7.0 8.0 5.714285714285714 1.125 31.57142857142857 0.125 
1258.4833333333333 380.98333333333335 1.4666666666666666 0.016666666666666666 377.65 3.3833333333333333 0.26666666666666666 1.6 5869.240877920718 1760.65732508881 1.61726792942776 0.12801909579781015 1761.041177116539 7.532356131310368 0.6798692684790383 3.9251326941476337 7.0 7.0 7.142857142857143 1.2857142857142858 83.47619047619048 0.2380952380952381 
17.116666666666667 6.333333333333333 1.0833333333333333 0.016666666666666666 3.15 3.1333333333333333 0.2 1.5666666666666667 30.305715449216656 14.015071252841434 1.4058409899020903 0.1280190957978102 10.142032998040047 7.401501349200865 0.5715476066494078 3.9045557436865415 6.0 7.0 7.666666666666667 1.7142857142857142 105.06666666666666 1.238095238095238 
13.666666666666666 4.733333333333333 1.1 0.016666666666666666 3.0833333333333335 1.65 0.23333333333333334 1.0666666666666667 28.933640551364388 13.261305449397588 1.5022205785658331 0.12801909579781026 10.129645710597295 5.400077159942567 0.5878397362849467 3.5443225336052846 11.0 11.0 3.727272727272727 1.6363636363636365 26.81818181818182 1.0545454545454545 
