18.533333333333335 5.883333333333334 1.6833333333333333 0.0 2.45 3.15 0.3 0.9 24.62482938463173 10.475513776845931 1.9535580075566965 0.0 4.917401075093769 8.753713497710557 0.714142842854285 2.5865034312755126 11.0 12.0 4.2727272727272725 1.0 30.418181818181814 0.0 
18.483333333333334 5.766666666666667 1.7333333333333334 0.0 2.35 3.25 0.3 0.9 24.291625214372864 10.376843878987916 1.8873850222522757 0.0 4.4640228494038885 8.766650823813315 0.6658328118479392 2.586503431275513 9.0 9.0 5.555555555555555 1.0 25.02777777777778 0.0 
15.816666666666666 5.4 1.2833333333333334 0.0 2.183333333333333 3.183333333333333 0.23333333333333334 1.0666666666666667 22.75045176596623 10.216326802394942 1.7329326459950936 0.0 4.364598746989488 8.355620197740487 0.5280993172584952 2.8335294049804554 10.0 10.0 4.8 1.1 24.844444444444445 0.1 
11.9 3.466666666666667 1.4833333333333334 0.0 2.283333333333333 1.3 0.23333333333333334 0.5666666666666667 14.653441006580445 6.097722707882199 1.8928960762692597 0.0 4.3745158462267435 4.263410215621607 0.5280993172584951 1.5638272140986549 10.0 10.0 4.8 1.1 13.28888888888889 0.1 
10.283333333333333 3.1666666666666665 1.2166666666666666 0.0 2.15 1.0666666666666667 0.2 0.5333333333333333 14.123375029440458 6.172969751712345 1.8627190400654154 0.0 4.603712270186598 3.6826922519024294 0.5416025603090637 1.5542057635833013 10.0 10.0 4.3 1.6 10.9 1.1555555555555557 
10.033333333333333 2.75 1.3666666666666667 0.0 2.1666666666666665 0.4166666666666667 0.2 0.3 12.945998952915488 4.904504732046516 1.834545054108935 0.0 4.601328310631857 1.2947543739601313 0.5416025603090637 0.9000000000000007 7.0 7.0 5.0 1.7142857142857142 7.0 1.5714285714285714 
12.866666666666667 3.9166666666666665 1.3 0.0 3.15 0.7833333333333333 0.26666666666666666 0.3333333333333333 17.870335444218416 6.486631551806291 1.8101565309847285 0.0 6.685369598359291 2.1062736975257725 0.5734883511361752 0.9249624617007743 7.0 7.0 6.428571428571429 1.7142857142857142 18.61904761904762 1.5714285714285714 
14.433333333333334 4.383333333333334 1.4 0.0 3.4833333333333334 0.9833333333333333 0.3 0.36666666666666664 17.49606304921831 6.3903355849977785 1.655294535724685 0.0 6.682044763560191 2.941041009952467 0.5567764362830021 0.9480975102218601 7.0 7.0 7.428571428571429 1.0 23.952380952380953 0.0 
14.766666666666667 4.616666666666666 1.3333333333333333 0.0 3.5166666666666666 1.3833333333333333 0.35 0.43333333333333335 17.420645478537494 6.613349294335579 1.4907119849998594 0.0 6.694504379630273 3.5453804058552336 0.6006940430313366 0.9723968097209875 7.0 8.0 7.285714285714286 1.0 40.57142857142858 0.0 
13.266666666666667 4.016666666666667 1.2666666666666666 0.0 2.4166666666666665 1.45 0.3333333333333333 0.4666666666666667 15.214978000495288 6.026308064552366 1.3021349989749733 0.0 4.967533481405929 4.196923476389183 0.5374838498865698 0.9910712498212332 10.0 10.0 4.9 1.0 28.1 0.0 
25.783333333333335 7.816666666666666 1.4166666666666667 0.0 6.15 1.5166666666666666 0.3333333333333333 0.4666666666666667 83.28607159797023 25.270860469894746 1.6762226052115579 0.0 24.933127227312127 3.922123857753034 0.5676462121975465 0.9910712498212333 10.0 11.0 4.0 1.0 26.0 0.0 
124.61666666666666 38.233333333333334 2.066666666666667 0.0 36.983333333333334 1.45 0.45 0.45 331.63871364617387 101.25633587857877 2.3442601296689656 0.0 101.84555164016191 4.540282663740955 0.8836477427874376 0.9903703011163723 9.0 9.0 2.4444444444444446 1.0 5.277777777777778 0.0 
182.53333333333333 55.483333333333334 2.683333333333333 0.0 54.9 1.05 0.43333333333333335 0.4166666666666667 413.8886511557856 125.56624966747857 2.6171973984058257 0.0 125.9776038296755 3.7657447249293616 0.937490740695015 0.9711104754638149 5.0 5.0 8.4 1.0 222.8 0.0 
171.23333333333332 51.95 2.7333333333333334 0.0 51.36666666666667 1.15 0.43333333333333335 0.38333333333333336 410.125564783383 124.52809923868587 2.4417662095749915 0.0 124.97666004320789 4.5819391819039526 0.9195409482755805 0.950292352676562 3.0 3.0 18.666666666666668 1.0 40.33333333333333 0.0 
71.83333333333333 21.316666666666666 2.066666666666667 0.0 20.616666666666667 0.8833333333333333 0.26666666666666666 0.3333333333333333 272.7985927790358 82.04703766065462 2.0564262420249575 0.0 82.16976160499807 3.4355575319816074 0.5734883511361752 0.9249624617007745 6.0 6.0 8.5 1.1666666666666667 33.1 0.16666666666666666 
12.966666666666667 3.65 1.5 0.0 3.0833333333333335 0.7166666666666667 0.23333333333333334 0.3 18.714492304687884 6.428646824954688 1.6176114078067905 0.0 6.127238819856425 3.225376808305591 0.49553562491061653 0.9000000000000007 10.0 10.0 4.5 1.3 20.27777777777778 0.23333333333333334 
10.8 3.1666666666666665 1.1333333333333333 0.0 2.716666666666667 0.26666666666666666 0.2 0.3 16.829339460200647 5.776869586741788 1.5860503004493758 0.0 5.842635440354711 1.0143416036468613 0.4396968652757637 0.9000000000000007 12.0 11.0 3.6666666666666665 1.3636363636363635 9.87878787878788 0.2545454545454546 
12.433333333333334 3.4833333333333334 1.4333333333333333 0.0 2.8 0.5666666666666667 0.23333333333333334 0.3333333333333333 18.164403528757987 5.875065011460629 1.986342255391944 0.0 5.8389496772393334 1.8015425489162218 0.49553562491061653 0.9249624617007743 11.0 11.0 3.909090909090909 1.2727272727272727 9.690909090909091 0.21818181818181817 
13.216666666666667 3.966666666666667 1.25 0.0 2.6 1.25 0.3 0.4 15.028962779321207 5.307123095949024 1.840516231930596 0.0 4.344344983232032 3.0584582172504278 0.5859465277082314 0.9695359714832652 9.0 9.0 4.777777777777778 1.1111111111111112 6.444444444444445 0.11111111111111112 
15.366666666666667 4.5 1.5166666666666666 0.0 2.566666666666667 1.8166666666666667 0.3333333333333333 0.4666666666666667 16.571025583496297 5.998610950322861 1.678210025261705 0.0 4.364121395602505 3.653727168552985 0.6497862896539307 1.0077477638553978 7.0 6.0 7.571428571428571 1.0 51.285714285714285 0.0 
14.15 4.316666666666666 1.2666666666666666 0.0 2.566666666666667 1.6 0.3333333333333333 0.5 16.153250446891487 6.224927487306354 1.1382247385975912 0.0 4.4995061457403915 3.821866908549622 0.6497862896539306 1.02469507659596 6.0 6.0 8.166666666666666 1.3333333333333333 73.36666666666667 0.6666666666666667 
14.133333333333333 4.2 1.45 0.0 3.1 1.0166666666666666 0.26666666666666666 0.5 16.38542712968515 6.120457499239744 1.792809712899466 0.0 5.214403129793476 3.03585060384876 0.5436502143433366 1.02469507659596 5.0 5.0 8.6 1.6 39.8 0.7999999999999999 
11.45 3.45 1.25 0.0 3.05 0.5166666666666667 0.23333333333333334 0.43333333333333335 14.076487488006375 5.3740890700967485 1.9461500456028564 0.0 5.219913792391596 2.077592089147649 0.4955356249106165 0.9893881386437214 6.0 5.0 8.5 1.6 38.7 0.7999999999999999 
18.183333333333334 5.816666666666666 1.5333333333333334 0.0 5.583333333333333 0.48333333333333334 0.23333333333333334 0.36666666666666664 24.639731915929787 9.043398451663819 2.445858177045885 0.0 9.220071703746248 1.2040441114104674 0.5280993172584952 0.9480975102218601 7.0 8.0 6.142857142857143 1.125 34.80952380952381 0.125 
93.53333333333333 30.4 1.4 0.0 29.65 0.9166666666666666 0.26666666666666666 0.3 460.36074502020216 147.11551017256247 2.138535324312725 0.0 145.55065842058795 3.3281209246193106 0.5734883511361752 0.9000000000000007 7.0 7.0 6.857142857142857 1.4285714285714286 53.476190476190474 1.2857142857142856 
117.1 37.75 1.7166666666666666 0.03333333333333333 36.7 1.2 0.36666666666666664 0.36666666666666664 476.37032863099284 151.88555175965004 2.3529532270933253 0.17950549357115014 150.06468605238203 3.7273761995985004 0.8359957469322971 0.94809751022186 9.0 8.0 5.333333333333333 1.375 43.50000000000001 1.125 
201.53333333333333 62.833333333333336 1.4833333333333334 0.03333333333333333 61.86666666666667 1.0666666666666667 0.3333333333333333 0.36666666666666664 585.8582725843817 182.4887363342978 2.004093033990411 0.1795054935711501 181.14731267366048 3.709746921586725 0.8096638534327419 0.9480975102218602 9.0 8.0 5.111111111111111 1.625 20.11111111111111 1.4107142857142858 
129.23333333333332 39.11666666666667 1.8833333333333333 0.03333333333333333 38.43333333333333 0.7666666666666667 0.3333333333333333 0.4 384.62910128532343 115.48262375305161 2.0173552543422346 0.17950549357115003 115.23503036065999 2.2975832713720923 0.8096638534327418 0.9695359714832652 8.0 8.0 3.75 1.25 11.357142857142858 0.5 
