11.633333333333333 2.466666666666667 2.1166666666666667 0.0 1.6166666666666667 0.8666666666666667 0.23333333333333334 0.3 16.332959179388023 5.343116028020437 2.456906365511085 0.0 4.658653835128295 3.0466739606039575 0.6420453428086078 0.9000000000000007 8.0 8.0 5.875 1.125 39.839285714285715 0.125 
11.8 2.566666666666667 2.066666666666667 0.0 1.6166666666666667 0.9666666666666667 0.23333333333333334 0.3 15.881645590639112 5.21013968676038 2.3725279532365664 0.0 4.487358787626515 3.124988888869138 0.6420453428086077 0.9000000000000007 6.0 6.0 8.666666666666666 1.1666666666666667 59.46666666666667 0.16666666666666666 
10.15 2.15 1.9 0.0 1.55 0.55 0.2 0.3 11.885320077024991 4.471483720943938 1.9467922333931784 0.0 4.492308241130982 1.216894955751454 0.5999999999999996 0.9000000000000007 5.0 5.0 10.4 1.2 80.80000000000001 0.2 
10.283333333333333 2.2 1.9 0.0 1.55 0.6 0.2 0.3 12.232595345587498 4.628894756490655 2.150193789716019 0.0 4.492308241130982 1.2543258481484518 0.5999999999999996 0.9000000000000007 5.0 5.0 10.0 1.4 56.5 0.3 
11.083333333333334 2.4 1.9833333333333334 0.0 1.7833333333333334 0.5666666666666667 0.2 0.3 12.69290046530824 4.751140214025821 2.3978578402862465 0.0 4.665803491599514 1.0857664983268216 0.571547606649408 0.9000000000000007 6.0 6.0 6.833333333333333 1.6666666666666667 34.16666666666667 0.6666666666666666 
11.616666666666667 2.4166666666666665 2.0833333333333335 0.0 1.7833333333333334 0.5833333333333334 0.2 0.3 12.53274599687643 4.889756867393536 2.505272218520152 0.0 4.6658034915995135 1.0846146269015964 0.571547606649408 0.9000000000000007 6.0 6.0 6.833333333333333 1.5 40.56666666666667 0.7 
11.616666666666667 2.4166666666666665 2.0833333333333335 0.0 1.7833333333333334 0.5833333333333334 0.2 0.3 11.802671543153084 4.740927007336109 2.3614378858841243 0.0 4.665803491599513 1.1149240133549707 0.5715476066494078 0.9000000000000007 4.0 4.0 8.75 1.75 51.583333333333336 0.9166666666666666 
10.95 2.2666666666666666 2.0 0.0 1.55 0.6666666666666666 0.2 0.3333333333333333 11.327584326177698 4.618321003231464 1.9916492328386208 0.0 4.4997222136483055 1.312334645668635 0.5999999999999996 0.9249624617007743 3.0 3.0 15.333333333333334 1.3333333333333333 102.33333333333333 0.3333333333333333 
9.733333333333333 2.183333333333333 1.6666666666666667 0.0 1.55 0.5833333333333334 0.2 0.3333333333333333 11.860110548482345 4.4962638811449755 1.7950549357115015 0.0 4.499722213648305 1.2421978729476046 0.5999999999999996 0.9249624617007745 4.0 5.0 12.5 1.2 107.0 0.2 
10.1 2.25 1.7666666666666666 0.0 1.55 0.65 0.2 0.3333333333333333 12.675041091320638 4.493050188902857 2.0030532250098148 0.0 4.4997222136483055 1.3143439428094916 0.5999999999999996 0.9249624617007745 10.0 10.0 4.7 1.1 15.78888888888889 0.1 
9.783333333333333 2.0 1.9333333333333333 0.0 1.5 0.45 0.2 0.3 12.74505350670953 4.48701831212369 2.212590236703478 0.0 4.5 0.9903703011163723 0.5999999999999996 0.9000000000000007 13.0 12.0 3.5384615384615383 1.0833333333333333 5.935897435897436 0.08333333333333333 
11.466666666666667 2.1 2.4166666666666665 0.016666666666666666 1.55 0.5 0.2 0.3 12.490618701872037 4.452340208624373 2.4582627108499926 0.12801909579781015 4.499722213648305 1.0408329997330663 0.5999999999999996 0.9000000000000007 13.0 12.0 3.3846153846153846 1.1666666666666667 7.089743589743589 0.15151515151515152 
82.55 25.016666666666666 3.75 0.016666666666666666 15.016666666666667 11.35 1.1 0.6333333333333333 331.5873653101598 107.83853542320678 5.343609890950749 0.12801909579781023 78.11348404013796 60.64372047733659 4.327046721880102 2.040969268645551 8.0 8.0 5.5 1.25 18.285714285714285 0.21428571428571427 
544.5833333333334 169.41666666666666 5.1 0.016666666666666666 150.55 21.616666666666667 2.966666666666667 1.3166666666666667 1191.8900297659827 372.49891685151994 6.278800310038003 0.12801909579781026 367.01291643937185 84.66701279456808 6.9999206344707146 3.211913586771738 5.0 5.0 7.0 1.4 22.5 0.3 
704.5 222.16666666666666 5.383333333333334 0.0 169.76666666666668 55.916666666666664 3.7333333333333334 1.5 1318.0419378760298 414.4539848469979 6.608307061738447 0.0 362.00572586017967 222.56694061687494 7.122421560739637 3.1859064644147983 2.0 2.0 10.0 1.0 18.0 0.0 
710.3833333333333 224.33333333333334 4.116666666666666 0.0 180.06666666666666 46.45 2.9 1.3 1305.0420311451871 409.1257617027911 5.026899861964846 0.0 360.1459827471201 216.17195508822758 6.070969170294527 2.7282473006187193 1.0 1.0 1.0 1.0 0.0 0.0 
174.93333333333334 57.56666666666667 3.7666666666666666 0.0 43.916666666666664 15.233333333333333 1.1 0.5166666666666667 355.35183816731393 113.22505121315785 5.559876097740148 0.0 97.94374093778987 55.34358338797935 4.073082370883261 1.0876835732673162 1.0 1.0 53.0 1.0 0.0 0.0 
107.08333333333333 36.86666666666667 3.5 0.0 24.083333333333332 14.3 1.0333333333333334 0.48333333333333334 235.51583751888592 78.1060105810615 5.560275772537426 0.0 49.854552338667055 55.34597245208241 4.074173399462632 1.0245595259535782 2.0 2.0 21.0 1.0 288.0 0.0 
44.93333333333333 17.816666666666666 1.8166666666666667 0.0 14.433333333333334 3.3333333333333335 0.23333333333333334 0.9666666666666667 35.795654609028865 14.76650677114334 2.093574826834607 0.0 13.298329051258866 6.845111800077159 0.6420453428086077 1.9232495649002206 2.0 2.0 11.0 1.0 8.0 0.0 
38.05 15.35 1.6333333333333333 0.0 12.816666666666666 2.55 0.2 1.1166666666666667 32.07409390770064 13.473214167376687 1.8794207145347268 0.0 12.876971262252969 4.157022171378611 0.5999999999999996 2.0582489861260433 1.0 1.0 3.0 1.0 0.0 0.0 
31.2 11.766666666666667 1.9 0.0 9.0 2.783333333333333 0.2 1.4666666666666666 34.33161808013132 13.756654955168264 2.3216373532487804 0.0 12.647792956348814 5.033526486360124 0.571547606649408 3.72588542795162 1.0 1.0 58.0 1.0 0.0 0.0 
28.033333333333335 9.816666666666666 2.1666666666666665 0.0 7.266666666666667 2.566666666666667 0.2 1.3 34.41122232967353 13.850982716840786 2.5571251218680895 0.0 12.348909083621736 5.110011959107554 0.571547606649408 3.698197759269599 4.0 4.0 13.5 1.25 280.3333333333333 0.25 
22.0 7.083333333333333 2.1333333333333333 0.0 5.1 2.066666666666667 0.23333333333333334 1.0 31.311872082859136 12.17551048439266 2.673740617354062 0.0 11.273420066687843 4.700590979393504 0.6155395104206463 3.582364210034113 9.0 9.0 5.0 1.3333333333333333 32.0 0.25 
17.45 5.05 1.9666666666666666 0.0 3.1333333333333333 2.0 0.23333333333333334 0.7666666666666667 24.331341242657928 9.306673233044483 2.3307128141884457 0.0 7.2006172574918095 6.202150164795002 0.6420453428086077 1.994715240050291 8.0 9.0 5.625 1.3333333333333333 37.69642857142857 0.25 
104.68333333333334 32.63333333333333 2.15 0.0 10.833333333333334 22.216666666666665 0.6166666666666667 0.9333333333333333 623.7031209281829 195.10236344601827 2.5808590301163936 0.0 56.874764956779295 139.7972450451804 1.958670183795345 2.272052425060264 6.0 7.0 7.5 1.2857142857142858 61.9 0.2380952380952381 
119.78333333333333 37.416666666666664 2.35 0.0 15.75 22.116666666666667 0.7 0.9833333333333333 625.1621147528231 195.5517230527231 2.593742469868587 0.0 60.30578330475444 139.79116467868135 2.0024984394500795 2.305729578439086 5.0 5.0 10.4 1.0 46.8 0.0 
