0.932 0.27 0.104 0.001 0.157 0.119 0.024 0.03 0.085 0.874 0.331 0.08 0.005 0.24 0.228 0.034 0.05 0.082 0.0 26.0 0.0 1.115 0.0 0.106 
0.933 0.263 0.113 0.001 0.163 0.105 0.022 0.029 0.09 0.868 0.327 0.09 0.007 0.264 0.222 0.034 0.053 0.093 0.0 25.0 0.0 1.08 0.0 0.077 
0.935 0.258 0.118 0.003 0.168 0.091 0.021 0.029 0.088 0.865 0.332 0.097 0.011 0.271 0.215 0.032 0.056 0.093 0.0 23.0 0.083 1.042 0.167 0.129 
0.935 0.247 0.128 0.005 0.191 0.054 0.022 0.035 0.091 0.858 0.34 0.104 0.016 0.328 0.117 0.036 0.069 0.102 0.0 25.0 0.0 1.08 0.0 0.077 
0.923 0.286 0.058 0.001 0.072 0.238 0.014 0.011 0.036 0.903 0.305 0.038 0.002 0.049 0.294 0.011 0.009 0.017 0.0 26.0 0.0 1.115 0.0 0.106 
0.925 0.289 0.054 0.001 0.09 0.222 0.013 0.011 0.035 0.904 0.304 0.036 0.001 0.088 0.283 0.011 0.009 0.018 0.0 25.0 0.269 1.115 1.885 0.186 
0.919 0.299 0.04 0.001 0.078 0.238 0.01 0.008 0.03 0.902 0.307 0.034 0.001 0.087 0.287 0.01 0.009 0.017 0.0 21.0 0.318 1.136 2.227 0.314 
0.919 0.299 0.041 0.001 0.08 0.237 0.01 0.008 0.031 0.902 0.307 0.034 0.001 0.087 0.287 0.01 0.009 0.018 1.0 21.0 0.045 1.227 0.045 0.374 
0.916 0.299 0.035 0.0 0.064 0.254 0.011 0.007 0.027 0.91 0.298 0.027 0.001 0.06 0.281 0.013 0.006 0.016 0.0 19.0 0.35 1.3 2.45 0.432 
0.916 0.299 0.035 0.0 0.065 0.254 0.011 0.007 0.029 0.91 0.298 0.027 0.0 0.06 0.281 0.013 0.006 0.017 0.0 17.0 0.167 1.278 0.5 0.448 
0.913 0.307 0.026 0.0 0.059 0.258 0.008 0.006 0.033 0.909 0.299 0.02 0.001 0.06 0.282 0.013 0.005 0.019 1.0 16.0 0.059 1.235 0.059 0.441 
0.911 0.308 0.025 0.0 0.049 0.268 0.008 0.006 0.034 0.909 0.299 0.02 0.001 0.041 0.285 0.013 0.005 0.018 1.0 16.0 0.059 1.294 0.059 0.471 
0.912 0.305 0.029 0.0 0.051 0.265 0.011 0.008 0.041 0.91 0.297 0.02 0.001 0.038 0.284 0.013 0.006 0.019 0.0 15.0 0.688 1.25 7.562 0.333 
0.911 0.305 0.031 0.0 0.052 0.266 0.011 0.009 0.043 0.91 0.297 0.021 0.001 0.038 0.284 0.013 0.006 0.019 1.0 14.0 0.067 1.2 0.067 0.314 
0.911 0.311 0.035 0.001 0.063 0.254 0.01 0.014 0.061 0.895 0.317 0.018 0.001 0.042 0.309 0.007 0.011 0.03 1.0 15.0 0.062 1.125 0.062 0.25 
0.911 0.311 0.034 0.001 0.064 0.253 0.01 0.015 0.058 0.895 0.317 0.018 0.001 0.043 0.308 0.008 0.011 0.03 0.0 15.0 0.188 1.125 0.562 0.25 
0.92 0.293 0.075 0.002 0.125 0.179 0.021 0.033 0.109 0.869 0.329 0.087 0.008 0.204 0.262 0.031 0.055 0.121 0.0 13.0 1.643 1.143 37.786 0.286 
0.92 0.294 0.073 0.002 0.117 0.189 0.022 0.036 0.104 0.869 0.329 0.086 0.009 0.203 0.265 0.031 0.056 0.119 1.0 12.0 0.077 1.154 0.077 0.308 
0.919 0.297 0.072 0.002 0.112 0.194 0.022 0.041 0.101 0.86 0.339 0.079 0.008 0.195 0.287 0.029 0.068 0.115 0.0 11.0 1.75 1.083 36.75 0.265 
0.921 0.298 0.071 0.002 0.104 0.187 0.022 0.043 0.095 0.859 0.345 0.066 0.008 0.192 0.292 0.029 0.074 0.1 0.0 10.0 0.636 1.091 4.455 0.291 
0.923 0.296 0.075 0.001 0.105 0.179 0.021 0.043 0.096 0.859 0.346 0.066 0.007 0.196 0.288 0.029 0.075 0.104 0.0 10.0 0.727 1.273 5.818 0.618 
0.927 0.289 0.083 0.001 0.101 0.174 0.02 0.042 0.092 0.855 0.347 0.068 0.007 0.2 0.292 0.029 0.076 0.106 0.0 9.0 1.2 1.4 14.4 0.711 
0.93 0.285 0.089 0.001 0.116 0.154 0.023 0.042 0.076 0.86 0.338 0.074 0.006 0.218 0.284 0.031 0.074 0.082 0.0 11.0 0.0 1.636 0.0 0.655 
0.933 0.278 0.096 0.0 0.12 0.146 0.022 0.04 0.075 0.864 0.335 0.076 0.004 0.216 0.277 0.03 0.072 0.08 0.0 10.0 0.636 1.727 4.455 1.818 
0.938 0.265 0.107 0.001 0.131 0.123 0.024 0.032 0.071 0.875 0.326 0.082 0.004 0.226 0.245 0.033 0.054 0.078 0.0 14.0 0.0 1.857 0.0 1.363 
0.939 0.256 0.115 0.001 0.146 0.106 0.025 0.03 0.068 0.88 0.322 0.081 0.005 0.245 0.214 0.035 0.046 0.08 0.0 12.0 0.0 1.917 0.0 1.538 
0.937 0.26 0.112 0.0 0.154 0.111 0.027 0.03 0.066 0.88 0.325 0.077 0.0 0.241 0.218 0.035 0.044 0.075 0.0 10.0 0.0 1.9 0.0 1.656 
0.935 0.264 0.107 0.0 0.15 0.123 0.028 0.029 0.067 0.884 0.319 0.076 0.0 0.227 0.224 0.033 0.04 0.075 0.0 8.0 0.0 2.0 0.0 2.0 
0.936 0.258 0.116 0.0 0.142 0.126 0.028 0.035 0.075 0.875 0.339 0.088 0.0 0.222 0.221 0.035 0.048 0.098 0.0 7.0 0.0 1.714 0.0 0.571 
