0.154 0.102 0.108 0.0 0.099 0.0 0.1 0.077 0.243 0.268 0.153 0.0 0.268 0.0 0.3 0.232 18.0 18.0 4.222222222222222 2.4444444444444446 17.830065359477125 2.8496732026143787 
0.156 0.102 0.109 0.0 0.099 0.0 0.1 0.077 0.247 0.268 0.157 0.0 0.268 0.0 0.3 0.232 18.0 18.0 4.166666666666667 2.5 18.14705882352941 2.735294117647059 
0.155 0.102 0.106 0.017 0.099 0.0 0.1 0.077 0.245 0.268 0.148 0.128 0.268 0.0 0.3 0.232 18.0 18.0 4.222222222222222 2.4444444444444446 18.065359477124186 2.9673202614379086 
0.154 0.102 0.192 0.017 0.099 0.0 0.1 0.077 0.246 0.268 0.226 0.128 0.268 0.0 0.3 0.232 17.0 16.0 4.764705882352941 2.4375 16.816176470588232 3.3291666666666666 
0.145 0.114 0.164 0.017 0.111 0.0 0.1 0.1 0.233 0.293 0.203 0.128 0.294 0.0 0.3 0.3 18.0 18.0 4.444444444444445 2.2222222222222223 16.26143790849673 2.65359477124183 
0.146 0.114 0.168 0.017 0.111 0.0 0.1 0.1 0.234 0.3 0.208 0.128 0.301 0.0 0.3 0.3 19.0 19.0 4.105263157894737 2.210526315789474 13.543859649122808 2.953216374269006 
0.142 0.094 0.175 0.017 0.091 0.0 0.1 0.077 0.228 0.261 0.213 0.128 0.262 0.0 0.3 0.232 20.0 19.0 3.85 2.263157894736842 13.81842105263158 3.4269005847953213 
0.146 0.096 0.181 0.025 0.093 0.0 0.1 0.077 0.223 0.255 0.212 0.156 0.255 0.0 0.3 0.232 22.0 22.0 3.727272727272727 1.7272727272727273 12.683982683982684 1.922077922077922 
0.147 0.096 0.185 0.017 0.093 0.0 0.1 0.077 0.226 0.255 0.219 0.128 0.255 0.0 0.3 0.232 21.0 21.0 3.9047619047619047 1.8095238095238095 14.79047619047619 2.161904761904762 
0.155 0.084 0.201 0.017 0.091 0.017 0.108 0.065 0.232 0.225 0.225 0.128 0.255 0.128 0.311 0.199 21.0 21.0 3.8095238095238093 1.9047619047619047 12.261904761904761 2.1904761904761902 
0.161 0.085 0.287 0.017 0.093 0.017 0.108 0.065 0.235 0.23 0.292 0.128 0.261 0.128 0.311 0.199 21.0 20.0 3.9047619047619047 1.9 12.69047619047619 2.4105263157894736 
0.162 0.085 0.29 0.017 0.093 0.017 0.108 0.065 0.237 0.23 0.287 0.128 0.261 0.128 0.311 0.199 22.0 22.0 3.8636363636363638 1.5909090909090908 12.885281385281386 0.9199134199134199 
0.161 0.084 0.288 0.017 0.103 0.017 0.108 0.063 0.23 0.227 0.28 0.128 0.293 0.128 0.311 0.193 22.0 22.0 3.909090909090909 1.5454545454545454 12.372294372294371 0.8311688311688311 
0.157 0.084 0.277 0.008 0.086 0.017 0.108 0.063 0.236 0.236 0.283 0.091 0.255 0.128 0.311 0.193 21.0 21.0 3.8095238095238093 1.9047619047619047 11.36190476190476 2.2904761904761903 
0.156 0.084 0.273 0.008 0.086 0.017 0.108 0.063 0.234 0.236 0.271 0.091 0.255 0.128 0.311 0.193 22.0 21.0 3.6363636363636362 1.9047619047619047 10.623376623376622 2.49047619047619 
0.152 0.089 0.247 0.008 0.086 0.0 0.1 0.1 0.235 0.254 0.267 0.091 0.255 0.0 0.3 0.3 24.0 24.0 3.2916666666666665 1.7083333333333333 7.780797101449276 2.0416666666666665 
0.149 0.089 0.235 0.008 0.086 0.0 0.1 0.1 0.236 0.254 0.255 0.091 0.255 0.0 0.3 0.3 22.0 22.0 3.6363636363636362 1.8181818181818181 16.90909090909091 2.251082251082251 
0.149 0.089 0.237 0.008 0.086 0.0 0.1 0.1 0.238 0.254 0.257 0.091 0.255 0.0 0.3 0.3 21.0 20.0 3.761904761904762 2.05 19.19047619047619 2.8921052631578945 
0.146 0.089 0.228 0.008 0.086 0.0 0.1 0.1 0.24 0.254 0.255 0.091 0.255 0.0 0.3 0.3 18.0 19.0 4.277777777777778 2.263157894736842 21.388888888888886 2.871345029239766 
0.156 0.107 0.242 0.008 0.103 0.0 0.1 0.1 0.247 0.299 0.25 0.091 0.3 0.0 0.3 0.3 19.0 19.0 4.368421052631579 1.9473684210526316 20.690058479532166 1.1637426900584795 
0.155 0.107 0.24 0.0 0.103 0.0 0.1 0.1 0.249 0.299 0.259 0.0 0.3 0.0 0.3 0.3 18.0 19.0 4.5 2.0526315789473686 21.91176470588235 1.3859649122807016 
0.151 0.107 0.223 0.0 0.103 0.0 0.1 0.1 0.251 0.299 0.245 0.0 0.3 0.0 0.3 0.3 20.0 20.0 3.85 2.15 17.292105263157897 1.9236842105263159 
0.152 0.107 0.144 0.0 0.103 0.0 0.1 0.1 0.247 0.299 0.182 0.0 0.3 0.0 0.3 0.3 20.0 21.0 3.75 2.142857142857143 10.723684210526315 2.0285714285714285 
0.152 0.107 0.143 0.017 0.103 0.0 0.1 0.1 0.243 0.299 0.186 0.128 0.3 0.0 0.3 0.3 22.0 23.0 3.3181818181818183 2.0434782608695654 5.846320346320346 1.9525691699604741 
0.155 0.091 0.152 0.017 0.103 0.017 0.117 0.067 0.242 0.237 0.199 0.128 0.278 0.128 0.321 0.196 22.0 22.0 3.409090909090909 2.0454545454545454 5.491341991341991 2.0454545454545454 
0.157 0.093 0.15 0.02 0.105 0.02 0.12 0.068 0.242 0.239 0.202 0.14 0.28 0.14 0.325 0.198 18.0 19.0 3.4444444444444446 2.0 5.555555555555555 2.3333333333333335 
0.157 0.098 0.144 0.025 0.109 0.025 0.125 0.07 0.24 0.242 0.203 0.156 0.284 0.156 0.331 0.203 15.0 16.0 3.4 1.8125 5.3999999999999995 1.4958333333333333 
0.171 0.102 0.165 0.033 0.116 0.033 0.133 0.073 0.251 0.248 0.223 0.18 0.29 0.18 0.34 0.21 10.0 10.0 4.0 2.0 5.777777777777778 2.2222222222222223 
0.17 0.112 0.157 0.05 0.125 0.05 0.15 0.08 0.264 0.258 0.223 0.218 0.301 0.218 0.357 0.223 8.0 8.0 3.125 1.875 2.4107142857142856 2.125 
