11.116666666666667 2.533333333333333 1.8833333333333333 0.0 1.6166666666666667 0.9 0.2 0.3 13.992964502047288 4.859583887078765 2.1991791397903193 0.0 4.505891205472627 1.4685593847940464 0.5999999999999996 0.9000000000000007 8.0 8.0 6.125 1.125 35.267857142857146 0.125 
11.766666666666667 2.7333333333333334 1.95 0.016666666666666666 1.65 1.1 0.23333333333333334 0.3333333333333333 15.202375545362052 5.437115248201222 2.0690174801903765 0.12801909579781018 4.610947118904461 2.1809783737274113 0.6420453428086076 0.9249624617007743 7.0 6.0 7.428571428571429 1.1666666666666667 25.952380952380953 0.16666666666666666 
11.666666666666666 2.8833333333333333 1.8333333333333333 0.016666666666666666 1.6166666666666667 1.2833333333333334 0.23333333333333334 0.36666666666666664 16.499158227686113 5.665955837769614 2.4301348842308226 0.12801909579781023 4.6010566419271814 2.543564864952774 0.6420453428086078 0.9480975102218601 10.0 9.0 4.7 1.3333333333333333 8.455555555555556 0.5 
14.766666666666667 3.6333333333333333 2.3 0.016666666666666666 1.75 2.033333333333333 0.3 0.4 18.865636014251475 6.342887530314737 2.8124722220850464 0.1280190957978103 4.570284455042159 4.020641187118736 0.6658328118479392 0.9695359714832653 10.0 10.0 4.6 1.2 12.044444444444444 0.4 
13.983333333333333 3.2666666666666666 2.316666666666667 0.0 1.7166666666666666 1.6666666666666667 0.26666666666666666 0.36666666666666664 17.822730492890877 5.677049311824662 2.872232967957547 0.0 4.359249425710295 3.7357135269658417 0.5734883511361751 0.9480975102218601 8.0 8.0 5.375 1.25 16.267857142857142 0.5 
14.483333333333333 3.35 2.3333333333333335 0.0 1.9833333333333334 1.5166666666666666 0.26666666666666666 0.3333333333333333 16.458525315335987 5.591138822577505 2.579836342785246 0.0 4.584363520587004 3.566004611450871 0.5436502143433366 0.9249624617007745 5.0 5.0 9.0 1.0 30.0 0.0 
12.65 3.1 1.8333333333333333 0.0 2.1 1.0166666666666666 0.2 0.3 13.11211272068693 5.104573113068972 2.0507451220362705 0.0 4.863811948119158 1.6481471077816108 0.5099019513592782 0.9000000000000007 5.0 5.0 10.4 1.0 77.30000000000001 0.0 
14.616666666666667 3.65 2.0833333333333335 0.0 2.6666666666666665 1.0666666666666667 0.23333333333333334 0.31666666666666665 16.31164376211736 6.142271566773975 2.0190069065976197 0.0 6.29197019135413 1.701633202413363 0.5878397362849467 0.903542411228653 3.0 3.0 11.333333333333334 1.0 94.33333333333334 0.0 
14.083333333333334 3.433333333333333 2.15 0.0 2.4 1.1166666666666667 0.23333333333333334 0.31666666666666665 16.66962473749451 6.017659197912611 2.127792283095321 0.0 6.080570148705905 1.8716451468041564 0.5587684871413404 0.903542411228653 4.0 4.0 12.25 1.0 124.25 0.0 
14.15 3.0166666666666666 2.566666666666667 0.016666666666666666 2.1666666666666665 0.9333333333333333 0.23333333333333334 0.3 16.500328279562602 5.61988038623204 2.3969888517795734 0.12801909579781015 5.859939324676393 1.661993448309054 0.5587684871413402 0.8621678104251715 4.0 4.0 13.5 1.25 85.66666666666667 0.25 
12.3 2.5 2.3333333333333335 0.016666666666666666 1.6 0.9166666666666666 0.2 0.2833333333333333 12.704723531033647 4.364630568559039 2.4335616331258634 0.1280190957978102 4.278629063925342 1.5842102834605702 0.5099019513592782 0.8581310441237336 7.0 7.0 7.285714285714286 1.1428571428571428 28.571428571428573 0.14285714285714285 
14.166666666666666 2.9833333333333334 2.566666666666667 0.016666666666666666 1.65 1.4166666666666667 0.23333333333333334 0.31666666666666665 14.066706161081997 5.251957307095665 2.4924329925240167 0.12801909579781026 4.407663780280887 3.1160427182922605 0.6155395104206463 0.8849042634972187 7.0 7.0 5.857142857142857 1.2857142857142858 17.142857142857142 0.2380952380952381 
12.933333333333334 3.05 2.1 0.0 1.6833333333333333 1.45 0.25 0.36666666666666664 13.076526891937155 5.34298605650436 2.0631690833925043 0.0 4.451560275778474 3.1592456905618036 0.6224949798994366 0.94809751022186 6.0 6.0 6.666666666666667 1.1666666666666667 38.266666666666666 0.16666666666666666 
14.65 3.75 2.0833333333333335 0.0 1.6833333333333333 2.15 0.26666666666666666 0.4 15.206166512306774 6.103619144955448 2.043621513120492 0.0 4.451560275778474 4.057195254524154 0.6289320754704404 0.9695359714832652 3.0 4.0 15.0 1.5 57.0 0.3333333333333333 
12.983333333333333 3.2 2.0 0.0 1.7166666666666666 1.6 0.23333333333333334 0.36666666666666664 14.782299851135777 5.665097822044499 2.1447610589527217 0.0 4.487358787626511 3.088689042296099 0.5878397362849468 0.9480975102218601 5.0 5.0 9.4 1.2 92.3 0.2 
14.55 3.466666666666667 2.316666666666667 0.0 1.7333333333333334 1.8666666666666667 0.21666666666666667 0.3333333333333333 17.445558173930696 6.2114589447425494 2.623557804881675 0.0 4.490236321422539 4.039251855920294 0.5799904213768439 0.9249624617007745 6.0 6.0 8.5 1.3333333333333333 57.5 0.26666666666666666 
112.66666666666667 33.75 3.6166666666666667 0.0 28.45 6.85 1.0 0.36666666666666664 635.9972658920965 195.43964328320564 5.428602234666141 0.0 180.01263150123657 20.043140971414637 3.1091263510296048 0.94809751022186 5.0 5.0 6.6 1.2 49.3 0.2 
239.75 74.93333333333334 3.6333333333333333 0.0 65.2 11.283333333333333 1.6 0.9166666666666666 790.7614816323145 242.81823563224316 5.5286124439641755 0.0 222.25104424201626 26.034010874665892 4.013311184877974 2.083999893367453 2.0 2.0 8.0 1.5 18.0 0.5 
878.9833333333333 275.4166666666667 2.8833333333333333 0.016666666666666666 40.483333333333334 225.08333333333334 1.5 1.35 2421.0076586115038 751.27820616304 3.4693499230963836 0.12801909579781015 137.27265953406587 746.2437557899934 3.3689761055846033 2.3439638791301083 2.0 2.0 28.0 1.0 722.0 0.0 
770.85 241.0 2.683333333333333 0.016666666666666666 3.8833333333333333 220.73333333333332 1.1333333333333333 0.9 2406.619197304247 747.5992687708213 3.278676901163367 0.1280190957978102 5.966829606713733 747.3034829007262 2.4662161750791878 1.5989579940281946 4.0 4.0 12.25 1.0 106.25 0.0 
89.16666666666667 29.116666666666667 2.283333333333333 0.016666666666666666 2.7666666666666666 5.633333333333334 0.8333333333333334 0.9 278.74057034374374 89.5246877806464 2.5238308624434844 0.12801909579781026 4.529042086603107 14.363108608128288 2.3463920293837432 2.420055095791554 5.0 5.0 10.8 1.0 70.2 0.0 
59.483333333333334 19.6 2.316666666666667 0.016666666666666666 2.95 4.7 0.6333333333333333 0.9333333333333333 141.52437854384743 47.26175338826664 2.439205243972352 0.12801909579781015 4.957906144062567 13.762630562505125 1.8526257642120334 2.468917891618829 4.0 4.0 13.25 1.25 94.91666666666667 0.25 
64.16666666666667 20.433333333333334 2.533333333333333 0.016666666666666666 3.0166666666666666 5.8 0.5666666666666667 0.9333333333333333 150.27199413803697 46.6888161721365 2.9634814361190496 0.12801909579781023 5.255129768986577 14.410412901787375 1.5315206676880195 2.5157283018817638 2.0 2.0 17.5 1.5 0.5 0.5 
47.53333333333333 14.633333333333333 2.1333333333333333 0.016666666666666666 2.9166666666666665 3.75 0.36666666666666664 0.6333333333333333 143.6287420941768 44.015136285398704 2.8546258754675513 0.1280190957978103 5.339449617912149 7.464638861548048 0.9122621455602683 1.4828650946356807 1.0 1.0 16.0 2.0 0.0 0.0 
43.55 13.483333333333333 2.05 0.016666666666666666 2.283333333333333 4.85 0.5 0.5666666666666667 141.26245372827609 43.22595349504223 2.747271373563231 0.12801909579781015 4.912879897665817 8.178885417137636 1.0082988974836116 1.2432037465981003 1.0 1.0 51.0 1.0 0.0 0.0 
33.96666666666667 11.383333333333333 1.75 0.016666666666666666 2.0833333333333335 5.216666666666667 0.5666666666666667 0.9333333333333333 51.99742514992662 17.940728029325406 1.9289461717044707 0.1280190957978102 4.576358329016159 7.339599595497171 1.321194745507094 1.6213848676020408 1.0 1.0 31.0 1.0 0.0 0.0 
36.8 12.0 2.35 0.016666666666666666 1.9166666666666667 4.133333333333334 0.7333333333333333 1.1666666666666667 50.540346918740745 17.395401691251628 2.43464576478797 0.12801909579781026 4.4918135411979065 5.874994089831544 1.4126413400278057 1.6947631758514887 2.0 2.0 25.0 1.0 392.0 0.0 
