0.176 0.176 0.075 0.0 0.144 0.065 0.031 0.023 0.286 0.285 0.128 0.0 0.273 0.19 0.111 0.098 4.0 4.0 29.0 1.0 724.6666666666666 0.0 
0.141 0.144 0.156 0.0 0.13 0.064 0.014 0.042 0.267 0.269 0.15 0.0 0.265 0.15 0.095 0.127 4.0 3.0 29.25 1.0 411.5833333333333 0.0 
0.104 0.105 0.141 0.0 0.099 0.056 0.011 0.039 0.24 0.24 0.134 0.0 0.241 0.125 0.093 0.121 5.0 4.0 23.2 1.0 275.7 0.0 
0.093 0.094 0.147 0.0 0.09 0.046 0.01 0.035 0.23 0.231 0.143 0.0 0.232 0.103 0.092 0.119 6.0 5.0 19.166666666666668 1.0 261.3666666666667 0.0 
0.088 0.089 0.216 0.0 0.086 0.092 0.0 0.033 0.228 0.229 0.186 0.0 0.229 0.146 0.0 0.12 8.0 7.0 14.125 1.0 91.83928571428571 0.0 
0.069 0.069 0.219 0.0 0.066 0.08 0.0 0.04 0.2 0.202 0.198 0.0 0.202 0.138 0.0 0.126 8.0 7.0 14.125 1.0 51.839285714285715 0.0 
0.047 0.047 0.221 0.0 0.045 0.068 0.0 0.041 0.167 0.168 0.201 0.0 0.168 0.138 0.0 0.127 12.0 11.0 9.0 1.0909090909090908 44.72727272727273 0.09090909090909091 
0.039 0.039 0.221 0.0 0.038 0.071 0.0 0.029 0.162 0.163 0.198 0.0 0.163 0.157 0.0 0.111 16.0 15.0 6.5 1.0666666666666667 35.06666666666667 0.06666666666666667 
0.019 0.019 0.239 0.0 0.017 0.043 0.008 0.026 0.122 0.122 0.219 0.0 0.122 0.121 0.091 0.11 17.0 16.0 6.0588235294117645 1.0625 26.558823529411764 0.0625 
0.061 0.062 0.099 0.0 0.055 0.016 0.018 0.026 0.21 0.215 0.13 0.0 0.208 0.1 0.118 0.11 15.0 14.0 7.0 1.0714285714285714 59.857142857142854 0.07142857142857142 
0.061 0.061 0.108 0.0 0.055 0.015 0.018 0.033 0.21 0.216 0.139 0.0 0.208 0.1 0.118 0.155 15.0 14.0 7.0 1.0714285714285714 105.71428571428571 0.07142857142857142 
0.078 0.078 0.113 0.0 0.072 0.014 0.018 0.025 0.225 0.23 0.141 0.0 0.224 0.1 0.118 0.156 15.0 15.0 6.933333333333334 1.0666666666666667 97.49523809523808 0.06666666666666667 
0.082 0.083 0.119 0.0 0.077 0.015 0.018 0.017 0.226 0.231 0.142 0.0 0.226 0.1 0.118 0.128 13.0 12.0 8.23076923076923 1.0833333333333333 109.85897435897435 0.08333333333333333 
0.097 0.098 0.135 0.0 0.092 0.015 0.02 0.025 0.247 0.253 0.152 0.0 0.248 0.1 0.119 0.156 10.0 10.0 10.9 1.1 126.32222222222224 0.1 
0.101 0.102 0.145 0.0 0.096 0.015 0.02 0.025 0.249 0.255 0.157 0.0 0.25 0.1 0.119 0.156 9.0 8.0 12.333333333333334 1.125 98.0 0.125 
0.047 0.046 0.24 0.0 0.045 0.05 0.025 0.017 0.167 0.17 0.22 0.0 0.17 0.142 0.156 0.128 11.0 11.0 9.727272727272727 1.1818181818181819 37.61818181818182 0.16363636363636364 
0.051 0.05 0.219 0.0 0.049 0.05 0.025 0.017 0.171 0.174 0.208 0.0 0.174 0.141 0.156 0.128 12.0 11.0 8.833333333333334 1.2727272727272727 44.696969696969695 0.21818181818181817 
0.049 0.048 0.205 0.0 0.046 0.058 0.025 0.015 0.164 0.165 0.203 0.0 0.165 0.159 0.156 0.104 12.0 11.0 8.833333333333334 1.2727272727272727 37.24242424242424 0.21818181818181817 
0.044 0.043 0.202 0.0 0.042 0.053 0.025 0.015 0.162 0.163 0.201 0.0 0.163 0.153 0.156 0.104 12.0 11.0 8.833333333333334 1.2727272727272727 41.96969696969697 0.21818181818181817 
0.033 0.032 0.202 0.0 0.03 0.051 0.025 0.015 0.128 0.129 0.187 0.0 0.129 0.153 0.156 0.102 11.0 10.0 9.727272727272727 1.3 42.61818181818182 0.23333333333333334 
0.048 0.048 0.262 0.0 0.046 0.044 0.025 0.015 0.168 0.169 0.222 0.0 0.17 0.141 0.156 0.102 13.0 12.0 8.076923076923077 1.25 30.41025641025641 0.20454545454545456 
0.048 0.047 0.282 0.0 0.046 0.038 0.017 0.017 0.168 0.169 0.237 0.0 0.17 0.14 0.128 0.104 12.0 11.0 8.833333333333334 1.2727272727272727 31.06060606060606 0.21818181818181817 
0.048 0.047 0.29 0.0 0.046 0.035 0.017 0.017 0.168 0.17 0.235 0.0 0.17 0.136 0.128 0.104 13.0 12.0 8.153846153846153 1.1666666666666667 26.974358974358974 0.15151515151515152 
0.035 0.034 0.287 0.0 0.033 0.044 0.017 0.021 0.148 0.146 0.239 0.0 0.146 0.152 0.128 0.114 15.0 14.0 6.933333333333334 1.1428571428571428 34.352380952380955 0.13186813186813187 
0.035 0.034 0.29 0.0 0.033 0.041 0.021 0.021 0.148 0.146 0.234 0.0 0.146 0.149 0.135 0.114 15.0 14.0 7.0 1.0714285714285714 29.571428571428573 0.07142857142857142 
0.037 0.035 0.286 0.0 0.035 0.039 0.015 0.02 0.155 0.153 0.24 0.0 0.153 0.147 0.11 0.12 13.0 12.0 6.769230769230769 1.0833333333333333 27.525641025641022 0.08333333333333333 
0.028 0.026 0.3 0.0 0.025 0.046 0.012 0.025 0.146 0.147 0.246 0.0 0.147 0.163 0.11 0.134 11.0 10.0 6.363636363636363 1.1 33.85454545454545 0.1 
0.036 0.034 0.331 0.0 0.032 0.039 0.016 0.025 0.168 0.169 0.257 0.0 0.169 0.162 0.127 0.141 9.0 8.0 5.888888888888889 1.0 40.36111111111111 0.0 
0.032 0.029 0.329 0.0 0.026 0.058 0.024 0.037 0.154 0.154 0.259 0.0 0.154 0.195 0.154 0.171 6.0 5.0 6.0 1.0 20.8 0.0 
