15.783333333333333 4.366666666666666 2.0 0.016666666666666666 1.7166666666666666 1.7166666666666666 0.23333333333333334 0.3 16.361633645683295 6.153499456045767 2.228601953392904 0.12801909579781023 4.550061049651481 4.054181654648552 0.6420453428086078 0.9000000000000007 4.0 4.0 9.25 1.25 110.91666666666667 0.25 
17.466666666666665 4.683333333333334 2.35 0.016666666666666666 1.8666666666666667 2.0 0.3 0.36666666666666664 15.09245580487888 5.318181602348265 2.400173604832228 0.12801909579781032 4.421412544525661 3.4544657088084305 0.7141428428542849 0.94809751022186 4.0 4.0 11.5 1.0 123.66666666666667 0.0 
19.116666666666667 5.366666666666666 2.3833333333333333 0.0 1.9333333333333333 2.716666666666667 0.36666666666666664 0.4666666666666667 17.694718295456287 6.011008419743081 2.627366657997235 0.0 4.422920101270451 4.324702944198082 0.7520342781785653 1.102522360569415 5.0 4.0 11.0 1.0 99.5 0.0 
25.183333333333334 7.066666666666666 3.033333333333333 0.0 2.3 4.266666666666667 0.4666666666666667 0.5 25.4286529114086 7.934873800018638 3.5069771725645555 0.0 4.521430452117263 6.920661496963681 0.903081145609604 1.118033988749895 4.0 4.0 9.0 1.0 58.0 0.0 
24.8 7.333333333333333 2.6333333333333333 0.0 2.05 4.583333333333333 0.43333333333333335 0.5333333333333333 25.304018126244955 8.00763524532819 3.478345711525653 0.0 4.5182039204385935 6.981622702177163 0.8825468196582479 1.1323525167642023 3.0 3.0 18.333333333333332 1.0 262.33333333333337 0.0 
25.116666666666667 7.333333333333333 2.75 0.0 1.9833333333333334 4.533333333333333 0.4 0.5666666666666667 24.300268631345528 7.9909671226676675 3.2177890960513036 0.0 4.573443876215042 7.172788083366805 0.8602325267042619 1.2297244497131141 2.0 2.0 24.0 1.0 338.0 0.0 
20.05 6.266666666666667 1.8666666666666667 0.0 1.6166666666666667 3.6333333333333333 0.3333333333333333 0.6333333333333333 18.26875748374804 6.764778061564344 2.0773915267843837 0.0 4.397316100633306 5.588579624754592 0.6992058987801008 1.3034143197344763 3.0 3.0 13.0 1.3333333333333333 12.0 0.3333333333333333 
105.9 32.65 2.85 0.016666666666666666 10.15 11.483333333333333 0.9333333333333333 0.7666666666666667 523.9057071649439 163.29603230534008 3.492014700236336 0.12801909579781012 52.00667425116383 45.079001640330155 3.965966324729559 1.6058919293927871 4.0 4.0 11.0 1.5 34.666666666666664 0.3333333333333333 
108.85 33.916666666666664 2.716666666666667 0.016666666666666666 10.283333333333333 12.666666666666666 0.9 0.7 523.9999308206063 163.27770736454565 3.5920823425355315 0.1280190957978102 51.98528370820174 45.52056922120176 3.9694667987862866 1.5088627063675026 4.0 4.0 11.75 1.75 106.25 0.25 
108.6 33.583333333333336 2.966666666666667 0.016666666666666666 10.283333333333333 12.316666666666666 0.8666666666666667 0.6 523.9716977089507 163.31455249167337 3.6649996210398474 0.12801909579781026 51.985283708201784 45.530023671809744 3.968486977286037 1.439907404430345 3.0 3.0 9.666666666666666 1.6666666666666667 116.33333333333333 0.3333333333333333 
21.533333333333335 6.866666666666666 1.9666666666666666 0.0 1.75 4.133333333333334 0.2 0.36666666666666664 29.12242358656909 10.005776109605673 2.387234569305852 0.0 4.507863499855928 9.058084173206218 0.571547606649408 1.015983376941879 4.0 4.0 13.5 1.25 101.66666666666667 0.25 
17.6 5.35 2.0166666666666666 0.016666666666666666 1.6166666666666667 2.75 0.2 0.3 13.118943046856582 5.623833212320577 2.362849033593884 0.12801909579781015 4.4538061126287145 4.307454778249758 0.5715476066494078 0.9000000000000007 4.0 4.0 13.25 1.0 58.916666666666664 0.0 
17.533333333333335 5.433333333333334 1.9 0.016666666666666666 1.6833333333333333 2.8333333333333335 0.2 0.3333333333333333 14.251861476858226 6.003795096066783 2.180978373727412 0.1280190957978102 4.511066639080191 4.3172779489962085 0.5999999999999996 1.0274023338281633 5.0 5.0 10.6 1.0 59.300000000000004 0.0 
19.516666666666666 6.133333333333334 2.066666666666667 0.016666666666666666 1.6833333333333333 3.533333333333333 0.2 0.5333333333333333 18.718521724632943 7.824037036949375 2.315647257727788 0.12801909579781026 4.511066639080191 5.66999902018412 0.5999999999999996 2.1171259344267224 4.0 4.0 13.75 1.0 26.916666666666668 0.0 
20.083333333333332 6.35 2.033333333333333 0.0 2.283333333333333 3.15 0.26666666666666666 0.5666666666666667 21.1638777690248 8.322309375007237 2.190636640086368 0.0 5.665955837769612 5.2339437011365195 0.7717224601860149 2.1241991955139765 4.0 4.0 13.75 1.0 24.916666666666668 0.0 
20.716666666666665 6.35 2.25 0.0 2.316666666666667 2.95 0.26666666666666666 0.6666666666666666 21.44457325810477 8.131881701057884 2.48746859276655 0.0 5.658302650874103 5.064336086793613 0.7717224601860148 2.277913275102654 5.0 5.0 10.8 1.0 23.200000000000003 0.0 
20.05 5.666666666666667 2.4833333333333334 0.0 2.45 2.6166666666666667 0.3333333333333333 0.6666666666666666 19.965324106226443 6.996824676634078 2.4392052439723524 0.0 5.652211956393713 4.50219082472325 0.8299933065325825 1.5456030825826175 3.0 3.0 12.0 1.0 31.0 0.0 
104.98333333333333 32.483333333333334 2.9166666666666665 0.016666666666666666 10.083333333333334 9.916666666666666 0.9 0.7666666666666667 365.41699885959815 114.00372679093527 3.412192192060048 0.12801909579781018 42.03819361274009 38.50294000318532 3.379842205389673 1.5744487571492718 3.0 3.0 18.666666666666668 1.0 312.3333333333333 0.0 
109.05 33.55 3.5166666666666666 0.016666666666666666 10.883333333333333 10.966666666666667 1.0 0.6666666666666666 365.01796416980176 113.8956283913771 5.308771567467898 0.12801909579781023 42.089227310032115 38.588844098895834 3.4399612400917157 1.2736648783028528 2.0 2.0 20.5 1.0 612.5 0.0 
108.2 33.38333333333333 3.45 0.016666666666666666 10.816666666666666 10.416666666666666 0.9333333333333333 0.4666666666666667 365.1298764366821 113.89396994085719 5.37098687393667 0.1280190957978103 42.08146530507495 38.58596103363095 3.4344658326376645 1.0241527663824805 4.0 4.0 13.75 1.0 94.25 0.0 
26.633333333333333 7.683333333333334 3.4166666666666665 0.0 2.683333333333333 4.7 0.36666666666666664 0.5 26.935086576599097 8.562498986212427 5.037498276812497 0.0 5.914647542800462 7.081195755896975 0.9480975102218607 1.347837774610382 3.0 3.0 12.0 1.0 139.0 0.0 
24.383333333333333 7.416666666666667 2.8833333333333333 0.0 1.7833333333333334 4.933333333333334 0.26666666666666666 0.5333333333333333 18.41656108567021 7.069398057040563 2.955738298444043 0.0 4.195599546614947 6.569796208576201 0.6018490028422597 1.3597385369580761 3.0 3.0 18.666666666666668 1.0 310.3333333333333 0.0 
23.0 7.166666666666667 2.566666666666667 0.0 1.65 5.066666666666666 0.26666666666666666 0.5333333333333333 18.51215816699933 7.259859196675621 2.865697510593577 0.0 4.342906093082526 6.620339031264855 0.6018490028422598 1.3597385369580763 3.0 3.0 18.0 1.0 325.0 0.0 
22.666666666666668 7.233333333333333 2.283333333333333 0.016666666666666666 1.7166666666666666 5.533333333333333 0.2 0.5833333333333334 20.12930423260796 8.424896966069607 2.490593414340357 0.12801909579781018 4.564689352944937 7.42847374783153 0.5715476066494078 1.791569764821404 4.0 4.0 9.75 1.0 48.916666666666664 0.0 
19.7 6.316666666666666 1.9 0.016666666666666666 1.7166666666666666 4.683333333333334 0.23333333333333334 0.5833333333333334 20.261046369820093 8.399388205233892 2.08726296059377 0.12801909579781023 4.513282865301288 7.267488485638548 0.5878397362849467 1.7915697648214035 3.0 3.0 6.666666666666667 1.0 22.333333333333332 0.0 
19.083333333333332 5.666666666666667 2.2666666666666666 0.016666666666666666 1.7166666666666666 4.033333333333333 0.23333333333333334 0.6 20.212448034702653 8.387821860027525 2.468917891618828 0.12801909579781032 4.564689352944937 7.037913200816146 0.6155395104206465 1.7907168024751083 2.0 2.0 24.5 1.0 1012.5 0.0 
15.5 4.266666666666667 2.216666666666667 0.0 1.6166666666666667 2.6333333333333333 0.23333333333333334 0.5833333333333334 18.565649283914993 6.920661496963679 2.582580535476526 0.0 4.655074889002564 5.409764833664727 0.5878397362849467 1.2818172863382495 4.0 4.0 13.25 1.25 152.25 0.25 
14.833333333333334 3.55 2.566666666666667 0.0 1.6833333333333333 1.85 0.2 0.5166666666666667 17.416626794212732 6.152032184571208 2.7469174642780145 0.0 4.699261171243368 4.0571952545241565 0.5715476066494078 1.2581953566738184 5.0 5.0 8.8 1.8 23.2 1.7000000000000002 
