47.68333333333333 16.9 2.033333333333333 0.0 3.25 14.716666666666667 0.45 0.8 87.97546848727521 31.868845811126157 2.60746790754726 0.0 5.94593698811774 29.91103010968065 1.1608186766243902 1.2355835328567095 4.0 4.0 4.25 1.0 20.916666666666668 0.0 
85.46666666666667 30.0 2.9 0.03333333333333333 3.6666666666666665 28.166666666666668 0.8666666666666667 1.15 146.82035129897884 51.52539826790926 4.853521058640487 0.2560381915956203 7.177898175804823 50.373990202175655 2.519700158528568 2.1434007247051743 0.0 1.0 0.0 1.0 0.0 0.0 
49.1 16.916666666666668 2.6666666666666665 0.03333333333333333 6.8 11.683333333333334 0.8 1.1166666666666667 128.34870470713759 43.87873124368518 5.6588180941096 0.17950549357115006 21.753773618999244 29.658327479628518 2.885596414377218 2.408953207423416 1.0 1.0 45.0 1.0 0.0 0.0 
21.35 7.383333333333334 1.75 0.03333333333333333 1.9166666666666667 6.0 0.26666666666666666 0.7666666666666667 22.42530193033455 8.15085203453534 1.7284386017443605 0.17950549357115 2.653875572734251 7.620148729957092 0.7930251502246872 1.1160446028522137 2.0 2.0 22.0 1.0 18.0 0.0 
28.766666666666666 9.983333333333333 1.7666666666666666 0.0 4.45 6.333333333333333 0.43333333333333335 0.6333333333333333 48.62830679986938 16.894270889532017 2.044233080861595 0.0 12.812006088041015 9.617114374327098 1.054619467970425 0.9303523824635244 2.0 2.0 12.0 1.0 98.0 0.0 
27.5 9.55 1.5666666666666667 0.0 4.016666666666667 6.216666666666667 0.3333333333333333 0.6166666666666667 48.43363156595494 16.788314388288065 1.9779338265529067 0.0 12.787352692754226 9.485237067265228 0.9249624617007745 0.9325889889025186 1.0 1.0 5.0 1.0 0.0 0.0 
21.4 7.45 1.5833333333333333 0.016666666666666666 2.05 6.016666666666667 0.26666666666666666 0.7166666666666667 24.141389079062257 8.800426126046396 1.541554049940802 0.1280190957978102 2.479415253643487 8.609087575863596 0.8537498983243794 0.9325889889025186 1.0 1.0 50.0 1.0 0.0 0.0 
20.65 7.15 1.6166666666666667 0.016666666666666666 1.7 6.0 0.23333333333333334 0.7333333333333333 24.44642100594686 8.992265194784535 1.6742328259700188 0.12801909579781026 2.2605309110914624 8.848728722251575 0.7608474807008888 1.167142760000773 1.0 1.0 30.0 1.0 0.0 0.0 
29.833333333333332 10.433333333333334 1.7166666666666666 0.0 1.8666666666666667 9.233333333333333 0.26666666666666666 0.8333333333333334 53.63399626687868 18.58168154093942 2.0256000482710195 0.0 2.341414577178125 18.86563601425147 0.7930251502246879 1.2270108212870636 1.0 1.0 10.0 1.0 0.0 0.0 
29.633333333333333 10.283333333333333 1.7333333333333334 0.0 1.6 9.416666666666666 0.3333333333333333 0.7833333333333333 53.852566223801155 18.623543940101435 2.128118626601649 0.0 1.9680785892167352 18.864686291822842 0.9249624617007742 1.2123210062612222 1.0 1.0 50.0 1.0 0.0 0.0 
28.316666666666666 9.783333333333333 1.6333333333333333 0.0 1.5833333333333333 8.966666666666667 0.3333333333333333 0.6333333333333333 53.782429493489985 18.51764173850319 2.0409692686455516 0.0 2.027244983277114 18.731405594763984 0.9249624617007748 0.9655165571973496 2.0 2.0 19.5 1.0 220.5 0.0 
20.716666666666665 7.116666666666666 1.45 0.0 1.9833333333333334 5.783333333333333 0.3333333333333333 0.5333333333333333 28.007196495821493 10.053343832885764 1.6064972248134552 0.0 5.084262210215187 8.916448595464203 0.9249624617007741 0.8844332774281066 3.0 3.0 18.0 1.0 217.0 0.0 
26.766666666666666 9.333333333333334 1.3833333333333333 0.0 2.033333333333333 7.966666666666667 0.36666666666666664 0.5166666666666667 53.068624335749355 18.26076547014269 1.7135894750169567 0.0 5.215255400159122 17.48424687794384 1.0159833769418785 0.8849042634972193 1.0 2.0 35.0 1.0 0.0 0.0 
34.65 12.133333333333333 1.4833333333333334 0.0 3.1166666666666667 9.666666666666666 0.4 0.5166666666666667 59.03948537490256 20.386651406142096 1.8026985943918146 0.0 8.596688638979286 18.478516053935596 1.036018017861336 0.8463975950396417 1.0 1.0 16.0 1.0 0.0 0.0 
121.15 37.15 1.3666666666666667 0.0 30.65 7.066666666666666 0.26666666666666666 0.55 483.43292623348145 142.40456745952125 1.4372040758206726 0.0 141.35402659044908 8.39616314488681 0.7717224601860149 0.8836477427874375 1.0 1.0 55.0 1.0 0.0 0.0 
27.916666666666668 9.383333333333333 1.3333333333333333 0.0 3.25 6.716666666666667 0.26666666666666666 0.5333333333333333 49.273823905012925 15.810430804447495 1.3984117975602017 0.0 11.938208966730869 9.273783238547013 0.7717224601860148 0.8844332774281066 3.0 3.0 16.0 1.0 277.0 0.0 
254.28333333333333 81.58333333333333 2.05 0.03333333333333333 4.116666666666666 78.61666666666666 0.6 0.6666666666666666 1022.1866772050764 325.23439197326934 3.6670833096617805 0.25603819159562036 16.822694657977816 324.8630014671142 2.1771541057077246 1.0274023338281624 3.0 3.0 9.333333333333334 1.0 30.333333333333336 0.0 
254.7 81.7 2.283333333333333 0.03333333333333333 3.7333333333333334 79.1 0.6 0.6833333333333333 1021.9633277830147 325.1833995352981 3.7017638438392524 0.25603819159562047 16.32162845905872 324.79540739774427 2.1771541057077255 1.0081611423224406 2.0 2.0 4.5 1.0 0.5 0.0 
24.766666666666666 8.333333333333334 1.55 0.0 3.216666666666667 5.633333333333334 0.2 0.6 36.868399597607834 13.01110636682711 1.6775478135262396 0.0 9.777681502051268 9.549810934719538 0.6271629240742256 0.9345230512584122 2.0 2.0 27.5 1.0 1012.5 0.0 
