45.35 14.733333333333333 1.45 0.016666666666666666 1.0666666666666667 14.033333333333333 0.2 0.4666666666666667 134.01875801543605 43.84817239318216 1.8113070786957501 0.12801909579781015 1.621384867602041 43.256585882640145 0.7023769168568489 0.8055363982396377 2.0 3.0 22.5 1.0 924.5 0.0 
61.75 20.633333333333333 1.3333333333333333 0.03333333333333333 1.0333333333333334 19.933333333333334 0.16666666666666666 0.5 141.63269690764676 46.76999275413909 1.804315813696581 0.1795054935711501 1.7413277182145301 46.10743492708693 0.7564537145273481 0.8660254037844386 1.0 1.0 27.0 1.0 0.0 0.0 
72.81666666666666 25.066666666666666 1.1166666666666667 0.03333333333333333 1.2833333333333334 24.1 0.16666666666666666 0.4666666666666667 142.07456864462253 49.76373065686383 1.4729976993268599 0.17950549357115003 2.3529532270933244 49.63355719671924 0.6624868971450599 0.8055363982396375 1.0 1.0 7.0 1.0 0.0 0.0 
56.516666666666666 17.883333333333333 2.816666666666667 0.016666666666666666 3.3333333333333335 14.916666666666666 0.16666666666666666 0.6 64.16424021386229 19.561093754923036 3.2582800507152356 0.12801909579781018 5.262023269512297 18.458323927762837 0.7564537145273483 1.113552872566004 1.0 0.0 59.0 0.0 0.0 0.0 
44.53333333333333 14.666666666666666 1.5666666666666667 0.03333333333333333 3.216666666666667 11.783333333333333 0.16666666666666666 0.5166666666666667 67.02523571179906 20.5675040348172 2.084599615167277 0.17950549357115006 5.313792326473522 19.106797801364365 0.7564537145273483 0.957282032051626 1.0 1.0 39.0 1.0 0.0 0.0 
33.516666666666666 10.816666666666666 1.4666666666666666 0.03333333333333333 3.1333333333333333 8.05 0.16666666666666666 0.4666666666666667 67.70536455029904 20.813850890426046 1.7365355036841468 0.17950549357115 5.181591347152813 19.16892015737976 0.7564537145273481 0.6699917080747257 3.0 3.0 15.666666666666666 1.0 72.33333333333333 0.0 
114.15 38.016666666666666 1.3333333333333333 0.016666666666666666 1.45 37.0 0.3 0.38333333333333336 246.32071404302698 82.16436609355394 1.6599866130651642 0.12801909579781026 3.0628146096904616 81.99207278755672 0.9000000000000007 0.6348665651580302 2.0 2.0 14.0 1.0 128.0 0.0 
115.66666666666667 38.55 1.35 0.0 1.4666666666666666 37.516666666666666 0.3 0.4 245.8950769919742 82.01065479558129 1.6715761025650817 0.0 3.242769735204084 81.82389456767639 0.9000000000000006 0.66332495807108 3.0 2.0 19.0 1.0 679.0 0.0 
130.11666666666667 43.28333333333333 2.05 0.0 4.9 39.45 0.43333333333333335 0.4 244.38794921645015 81.72149689987057 3.5233743296258866 0.0 15.859487171196086 81.45457322950014 1.3337499349161708 0.7118052168020876 1.0 1.0 39.0 1.0 0.0 0.0 
30.216666666666665 9.733333333333333 2.0833333333333335 0.0 4.5 6.2 0.3 0.43333333333333335 48.87674691393535 17.23839384113909 3.5037678132103585 0.0 15.830877002448938 9.37692202519924 1.2556538801224917 0.7156970184527964 2.0 2.0 20.5 1.0 4.5 0.0 
29.116666666666667 9.233333333333333 2.283333333333333 0.0 4.566666666666666 5.633333333333334 0.3 0.45 48.05035264062989 17.01407913725832 3.6791831822958883 0.0 15.755810215776151 9.07738337236502 1.2151817422372135 0.6689544080129826 2.0 2.0 24.0 1.0 8.0 0.0 
14.15 4.383333333333334 1.5333333333333334 0.0 0.8333333333333334 3.85 0.13333333333333333 0.36666666666666664 10.500515860343882 3.582790656581667 1.961858529274955 0.0 1.5293426329272617 3.3853852562645415 0.6446359868604569 0.5763872155263526 3.0 3.0 15.0 1.0 147.0 0.0 
14.0 4.45 1.35 0.0 1.1333333333333333 3.6166666666666667 0.13333333333333333 0.4 10.56251232740898 3.8919789310837745 1.947862075883882 0.0 2.486407493196202 3.0005092160424294 0.6446359868604566 0.6110100926607788 4.0 4.0 12.0 1.0 54.666666666666664 0.0 
14.566666666666666 4.633333333333334 1.3833333333333333 0.016666666666666666 1.2333333333333334 3.7 0.13333333333333333 0.4166666666666667 11.306880894196931 4.114878153994627 1.582104786528236 0.12801909579781015 2.923278220689156 2.9114715637743513 0.7180219742846 0.7139483330201297 3.0 3.0 9.666666666666666 1.0 69.33333333333334 0.0 
56.85 18.533333333333335 1.3833333333333333 0.03333333333333333 1.45 17.416666666666668 0.2 0.45 157.29259624449375 51.92702143928106 1.7232882005695456 0.1795054935711501 3.169779172119093 52.01996144643793 0.7916228058025275 0.7399324293474372 3.0 3.0 13.0 1.0 196.0 0.0 
93.4 30.816666666666666 1.6 0.03333333333333333 1.85 29.5 0.36666666666666664 0.43333333333333335 199.24383721125898 66.22901973874863 1.7339742404853276 0.17950549357115003 3.828946765539231 65.96223667119442 0.9303523824635247 0.7386173268720113 1.0 1.0 21.0 1.0 0.0 0.0 
96.71666666666667 32.166666666666664 1.5333333333333334 0.016666666666666666 2.5166666666666666 30.283333333333335 0.4 0.4 199.28924470616963 66.21182338189728 1.8208667044996885 0.12801909579781026 5.705236386182629 65.82605655986255 0.9521904571390459 0.7118052168020874 2.0 2.0 21.5 1.0 840.5 0.0 
77.46666666666667 26.583333333333332 1.6833333333333333 0.0 3.716666666666667 23.566666666666666 0.43333333333333335 0.4166666666666667 174.9067815215357 60.53684598839141 1.8752036926395197 0.0 9.053713173180505 59.93339822020959 1.0386957633921918 0.7139483330201297 1.0 1.0 24.0 1.0 0.0 0.0 
53.9 18.533333333333335 1.5166666666666666 0.0 3.3666666666666667 15.7 0.26666666666666666 0.4166666666666667 136.27554194841179 47.99009156991564 1.8928960762692595 0.0 8.729197493978981 47.24203636593156 0.9285592184789406 0.6902093080282885 3.0 3.0 17.666666666666668 1.0 446.3333333333333 0.0 
70.78333333333333 24.05 1.5166666666666666 0.0 2.783333333333333 21.733333333333334 0.26666666666666666 0.4 161.91016971010677 54.79763528961204 1.9873908076224527 0.0 7.668315040186835 54.63358755279476 0.9285592184789403 0.6377042156569663 2.0 2.0 17.0 1.0 200.0 0.0 
54.45 18.0 1.4166666666666667 0.016666666666666666 3.8 14.666666666666666 0.23333333333333334 0.4666666666666667 118.81588347803779 37.650143868693696 1.9086790079936329 0.12801909579781015 9.307344769947367 36.853162083538436 0.8239471396205519 0.6944222218666551 3.0 3.0 17.666666666666668 1.0 341.3333333333333 0.0 
56.083333333333336 18.55 1.45 0.016666666666666666 3.566666666666667 15.416666666666666 0.23333333333333334 0.43333333333333335 140.8640351150317 45.21999004864994 1.9010961750176305 0.1280190957978102 9.338748429110947 44.135507876941396 0.8239471396205514 0.6920179830675566 2.0 2.0 25.5 1.0 180.5 0.0 
35.733333333333334 11.8 1.35 0.016666666666666666 3.35 8.85 0.2 0.45 106.40220340241498 35.139626254889684 1.8241436346954703 0.12801909579781026 9.30201591054326 33.23042030028109 0.7916228058025273 0.6934214687571574 2.0 2.0 15.5 1.0 0.5 0.0 
59.483333333333334 20.033333333333335 1.6 0.0 2.3 18.1 0.2 0.4166666666666667 166.40297389837184 57.47433243534794 1.9078784028338918 0.0 4.670117771534247 57.02446843241943 0.7916228058025275 0.842450130406674 2.0 1.0 29.0 1.0 578.0 0.0 
58.03333333333333 19.666666666666668 1.5 0.0 2.3666666666666667 17.666666666666668 0.2 0.45 149.25012190577564 52.36400375151702 1.9017535767461216 0.0 4.672496358716849 52.23206762984681 0.7916228058025273 0.8645808232895295 2.0 2.0 22.5 1.0 544.5 0.0 
58.016666666666666 19.666666666666668 1.4333333333333333 0.0 2.3333333333333335 17.7 0.2 0.45 149.378433479833 52.431118834354685 1.646882576938083 0.0 4.621207153499561 52.2855301844274 0.7916228058025273 0.8645808232895295 3.0 3.0 14.333333333333334 1.0 52.333333333333336 0.0 
