61.166666666666664 20.8 3.35 0.03333333333333333 6.75 16.416666666666668 1.1666666666666667 1.3 153.79176036301672 53.17135820470766 6.112350884343382 0.17950549357115014 20.78511085689305 44.38742001463428 3.3324998958072825 2.6223399220289245 5.0 5.0 9.8 1.2 75.7 0.2 
79.66666666666667 27.466666666666665 3.716666666666667 0.03333333333333333 10.866666666666667 19.433333333333334 1.7333333333333334 1.3166666666666667 168.86924593371702 58.700785533263705 6.431929898733522 0.1795054935711501 29.082335226426068 46.566929133118585 4.369846170697037 2.6987136853611484 6.0 6.0 6.333333333333333 1.1666666666666667 29.466666666666672 0.16666666666666666 
78.71666666666667 27.0 3.3666666666666667 0.03333333333333333 16.833333333333332 12.5 1.6333333333333333 0.9833333333333333 158.2500228190259 54.60952297905558 5.882082019904933 0.17950549357115003 36.126706034302224 36.535142899223295 4.400631267847325 2.085598768273087 4.0 4.0 11.5 1.25 99.66666666666667 0.25 
78.65 27.733333333333334 2.183333333333333 0.0 23.183333333333334 5.85 1.1333333333333333 0.65 118.17569194494556 41.76556263504925 3.4760689802642797 0.0 39.18141211793617 17.124860096752112 3.6899262263025783 1.2757350822173072 3.0 4.0 15.666666666666666 1.0 129.33333333333334 0.0 
73.3 26.083333333333332 1.5666666666666667 0.03333333333333333 24.183333333333334 2.6333333333333333 0.5333333333333333 0.5333333333333333 97.86322087485166 34.56746623954702 2.597220736779137 0.2560381915956203 35.68916346580414 3.516469188768128 2.1868292622475614 1.024152766382481 3.0 3.0 17.0 1.0 39.0 0.0 
59.43333333333333 21.35 1.2333333333333334 0.03333333333333333 17.466666666666665 4.416666666666667 0.3 0.6166666666666667 87.02975863972556 30.712551722924843 1.646882576938083 0.2560381915956204 28.315759255619867 12.26144589987476 1.084742673018199 1.3427790419706271 2.0 2.0 16.0 1.0 72.0 0.0 
42.28333333333333 15.133333333333333 1.35 0.03333333333333333 11.433333333333334 4.216666666666667 0.3 0.6 63.56180500548703 22.19194047897169 1.6913998147491127 0.2560381915956205 17.76360198708459 12.273401683677136 1.0847426730181993 1.2 2.0 2.0 19.5 1.0 84.5 0.0 
48.2 16.416666666666668 2.4166666666666665 0.0 8.166666666666666 9.733333333333333 0.6 0.75 82.93346730964528 26.90928691404181 5.232245109786898 0.0 11.983553544569137 24.623746442994594 1.5620499351813306 1.2466622103307161 2.0 2.0 21.5 1.5 4.5 0.5 
66.58333333333333 21.883333333333333 3.066666666666667 0.0 7.933333333333334 15.966666666666667 0.6333333333333333 0.5333333333333333 131.62197026163815 43.285136658621695 6.225931434108653 0.0 13.276378354891156 42.08680183726114 1.6121069719124992 0.8653836657164778 2.0 3.0 23.5 1.3333333333333333 0.5 0.3333333333333333 
64.25 20.85 3.0833333333333335 0.0 5.3 17.666666666666668 0.6333333333333333 0.65 132.46126792387275 43.59924502404449 6.210989364738029 0.0 10.119782606360674 42.532601874588174 1.5702087617751828 1.0136567466356645 3.0 3.0 15.333333333333334 1.3333333333333333 105.33333333333333 0.3333333333333333 
381.81666666666666 120.1 2.45 0.0 49.93333333333333 71.56666666666666 0.5333333333333333 0.7 1111.3114698659217 350.0736446330496 4.208820103861256 0.0 157.9749839549147 297.756520592842 1.407914138796192 1.1150485789118487 2.0 2.0 14.0 1.0 32.0 0.0 
356.76666666666665 112.36666666666666 1.5833333333333333 0.0 49.36666666666667 63.68333333333333 0.36666666666666664 0.6833333333333333 1113.1371788278789 350.41289772051624 2.0839998933674533 0.0 158.0215140064443 297.1070228984087 1.0640593133008247 1.1327204225030802 3.0 3.0 15.333333333333334 1.6666666666666667 270.3333333333333 0.3333333333333333 
354.35 111.7 1.45 0.0 50.1 62.2 0.36666666666666664 0.5666666666666667 1113.5982792281961 350.5101187317327 2.052843556305902 0.0 157.82191440565754 297.26507811491535 1.1249691353790807 0.9893881386437212 3.0 3.0 17.0 1.6666666666666667 147.0 0.3333333333333333 
115.11666666666666 34.68333333333333 1.3333333333333333 0.0 31.9 3.216666666666667 0.2 0.6 523.6852773586653 150.14931364774495 1.3743685418725535 0.0 150.40508635016306 6.123973836942444 0.7916228058025275 1.0360180178613367 4.0 4.0 12.25 1.5 108.25 0.3333333333333333 
113.4 33.9 1.4666666666666666 0.0 31.616666666666667 2.5833333333333335 0.13333333333333333 0.55 523.7634707893759 150.17996981399793 1.3719410418171119 0.0 150.43172223821531 2.962497069853215 0.7180219742846 0.9733961166965895 2.0 2.0 16.5 1.0 4.5 0.0 
112.63333333333334 33.583333333333336 1.5166666666666666 0.0 31.533333333333335 2.4 0.13333333333333333 0.5666666666666667 523.9371771076717 150.2555924268895 1.3722447141656466 0.0 150.46555161305918 3.0670289641062514 0.7180219742846 1.0060925515191037 2.0 2.0 24.5 1.0 220.5 0.0 
17.683333333333334 6.066666666666666 1.4 0.0 4.483333333333333 2.05 0.23333333333333334 0.43333333333333335 21.613646666451782 7.939073553563342 1.2543258481484516 0.0 7.988516063004998 2.6421266686768314 0.9012337223063851 0.8239471396205517 1.0 1.0 30.0 1.0 0.0 0.0 
16.516666666666666 5.85 1.2333333333333334 0.0 4.3 2.066666666666667 0.26666666666666666 0.48333333333333334 19.201989190937717 7.094187761823054 1.321194745507094 0.0 6.984029400472669 2.489087293679263 0.9285592184789409 0.8658650138573686 3.0 3.0 17.333333333333332 1.0 236.33333333333331 0.0 
19.316666666666666 6.583333333333333 1.2166666666666666 0.0 5.083333333333333 1.9833333333333334 0.26666666666666666 0.5 35.65038179630369 11.742077707496613 1.4954560805616754 0.0 11.810012230683292 2.3698921681985627 0.9285592184789403 0.7637626158259734 2.0 2.0 16.5 1.0 180.5 0.0 
19.316666666666666 6.766666666666667 1.15 0.0 4.933333333333334 2.216666666666667 0.2 0.5 36.375125047513194 12.18792663070941 1.6002603954773529 0.0 12.196811969618215 2.8053025188421694 0.7916228058025275 0.7637626158259734 4.0 4.0 11.75 1.0 79.58333333333333 0.0 
40.266666666666666 13.85 1.6166666666666667 0.0 11.866666666666667 2.6166666666666667 0.36666666666666664 0.65 65.49882102416467 22.417868617095007 2.168652935708145 0.0 22.63365242779482 4.662230033888171 1.0640593133008245 0.9096702699330126 3.0 2.0 19.0 1.0 91.0 0.0 
38.38333333333333 13.416666666666666 1.6 0.0 11.333333333333334 2.7 0.36666666666666664 0.6 59.0065227091228 20.606869135207205 2.0832666655999663 0.0 20.71767897768044 4.659399102888698 1.0640593133008245 0.9165151389911678 4.0 4.0 13.75 1.0 90.25 0.0 
37.416666666666664 13.033333333333333 1.55 0.0 11.1 2.533333333333333 0.3333333333333333 0.5 58.24525493310356 20.28543538820129 1.9952025795225241 0.0 20.291788158431636 4.4439721971327515 1.043498389499903 0.8850612031567836 4.0 4.0 11.75 1.0 23.583333333333332 0.0 
16.333333333333332 5.833333333333333 1.0833333333333333 0.0 3.8666666666666667 2.3333333333333335 0.16666666666666666 0.5166666666666667 19.71181258929669 7.646713164636309 1.2947543739601306 0.0 6.463916941160537 3.4140233677518315 0.7564537145273482 1.008161142322441 4.0 3.0 14.0 1.0 87.33333333333333 0.0 
50.583333333333336 17.65 1.35 0.0 15.616666666666667 2.6666666666666665 0.3333333333333333 0.55 96.96378906008619 32.67711992612976 1.8870170463812281 0.0 32.99853111208976 3.875851160999636 0.9775252199076787 1.0234744745229365 2.0 2.0 19.0 1.5 162.0 0.5 
66.31666666666666 22.933333333333334 1.4833333333333334 0.0 21.083333333333332 2.5833333333333335 0.4 0.6833333333333333 110.0873125700182 37.116872473609924 2.247158699830126 0.0 37.26047578273196 4.063215748913934 1.143095213298816 1.0245595259535782 1.0 1.0 19.0 2.0 0.0 0.0 
68.33333333333333 23.5 1.8666666666666667 0.0 21.733333333333334 2.5833333333333335 0.43333333333333335 0.6 108.89622991127332 36.69945503682582 2.4864074931962015 0.0 36.86455690165765 3.747406510582426 1.2160957564636476 0.8793937305515278 0.0 1.0 0.0 1.0 0.0 0.0 
33.083333333333336 11.366666666666667 1.5333333333333334 0.0 9.666666666666666 2.1333333333333333 0.2 0.6 63.585714241137204 21.695596071297256 2.1092389359408497 0.0 21.277270083876406 3.0025914733036116 0.9451631252505213 0.9345230512584121 1.0 1.0 44.0 1.0 0.0 0.0 
