148.93333333333334 49.68333333333333 1.4833333333333334 0.0 29.7 20.616666666666667 0.7666666666666667 0.6166666666666667 431.425809252169 141.9906677293343 1.6881120289312037 0.0 142.62273077365106 30.027815808383767 2.1320308523929836 0.9502923526765621 2.0 2.0 3.5 1.0 4.5 0.0 
80.05 27.233333333333334 1.1666666666666667 0.0 3.816666666666667 23.85 0.26666666666666666 0.5 178.6659289474819 59.063910770923016 1.5073892072793351 0.0 7.053348298660871 59.46478649867781 0.8537498983243793 0.8266397845091497 3.0 3.0 18.666666666666668 1.0 645.3333333333333 0.0 
38.06666666666667 12.8 1.2166666666666666 0.0 3.7666666666666666 9.466666666666667 0.23333333333333334 0.43333333333333335 69.97972722311957 22.98753285297634 1.5821047865282358 0.0 7.019892370178395 22.051807686042935 0.8239471396205518 0.7386173268720114 4.0 4.0 9.5 1.0 153.0 0.0 
28.933333333333334 9.433333333333334 1.1333333333333333 0.0 1.35 8.466666666666667 0.2 0.36666666666666664 69.71247297929466 22.745964232999416 1.5542057635833026 0.0 2.1895585552039174 22.201701636486238 0.7916228058025275 0.6574360974438673 6.0 6.0 7.5 1.0 87.9 0.0 
27.433333333333334 8.8 1.2166666666666666 0.0 1.2833333333333334 7.816666666666666 0.13333333333333333 0.4 69.31651238261264 22.585245921471245 1.4729976993268599 0.0 2.153227551581321 21.996584330805135 0.7180219742846 0.6879922480183431 3.0 3.0 9.333333333333334 1.0 208.33333333333331 0.0 
26.766666666666666 8.533333333333333 1.1 0.0 1.2166666666666666 7.616666666666666 0.13333333333333333 0.4 66.92143818604686 21.206497955946325 1.479864858694874 0.0 2.206744711610798 20.454088154259583 0.7180219742846001 0.66332495807108 3.0 3.0 12.666666666666666 1.0 212.33333333333334 0.0 
28.483333333333334 9.283333333333333 1.0 0.0 1.35 8.3 0.16666666666666666 0.35 67.139529257278 21.19912865085628 1.5275252316519468 0.0 2.212276354045006 20.449368368403626 0.7564537145273481 0.6538348415311007 3.0 3.0 16.0 1.0 37.0 0.0 
40.1 12.95 1.05 0.0 1.7666666666666666 11.616666666666667 0.2 0.5666666666666667 89.53727343030572 28.543782160043193 1.5429949233012188 0.0 4.510604788224696 26.02888886517354 0.7916228058025273 1.406729856400613 4.0 5.0 12.0 1.0 54.666666666666664 0.0 
32.95 10.733333333333333 1.0666666666666667 0.0 1.65 9.5 0.2 0.5666666666666667 76.11294786915913 24.531521672239492 1.547758235499186 0.0 4.434053826165549 22.13857869572179 0.7916228058025275 1.430229196861662 5.0 6.0 10.6 1.0 34.300000000000004 0.0 
35.75 11.366666666666667 1.4333333333333333 0.0 1.65 10.3 0.26666666666666666 0.6166666666666667 77.99628730480275 25.249400432925572 1.969489499562993 0.0 4.5196791921551265 22.963957266406272 0.873053390247253 1.4386529193041044 5.0 5.0 9.0 1.0 22.0 0.0 
26.733333333333334 8.416666666666666 1.4333333333333333 0.0 1.3833333333333333 7.6 0.26666666666666666 0.43333333333333335 55.68778042702805 17.964123196588876 2.0278614899006837 0.0 2.7391705962855903 17.624036616696714 0.8730533902472525 0.7608474807008885 3.0 3.0 9.0 1.0 57.0 0.0 
30.95 9.883333333333333 1.5166666666666666 0.0 1.3833333333333333 9.066666666666666 0.26666666666666666 0.45 82.62554588826227 27.79094077013027 2.1015206134817928 0.0 2.751312817951136 27.503858315193206 0.8730533902472529 0.7621242243449118 3.0 3.0 16.666666666666668 1.3333333333333333 154.33333333333331 0.3333333333333333 
25.3 8.1 1.2166666666666666 0.0 0.9833333333333333 7.4 0.1 0.4166666666666667 80.51051691135349 27.099630993797696 1.6030353153384436 0.0 2.3201412792232183 26.766396843803992 0.5686240703077333 0.6902093080282884 4.0 3.0 13.75 1.3333333333333333 26.916666666666668 0.3333333333333333 
28.45 9.133333333333333 1.1 0.0 0.9833333333333333 8.483333333333333 0.13333333333333333 0.43333333333333335 90.68469643036066 29.845974975232807 1.5989579940281946 0.0 1.9364199498616572 29.343648754410584 0.7180219742846 0.6920179830675566 5.0 5.0 7.2 1.2 34.7 0.2 
24.05 7.7 0.9833333333333333 0.0 0.9666666666666667 7.066666666666666 0.13333333333333333 0.4 66.80704179450946 21.304381396010232 1.4082100537759124 0.0 1.9145640641032498 20.70818410409008 0.7180219742846001 0.6879922480183431 4.0 4.0 9.5 1.0 55.0 0.0 
24.483333333333334 7.916666666666667 0.85 0.0 1.0 7.2 0.13333333333333333 0.36666666666666664 66.61143336962172 21.22207315247237 1.2757350822173068 0.0 1.9235384061671346 20.642028324109365 0.7180219742846 0.6574360974438672 2.0 2.0 10.0 1.0 162.0 0.0 
20.916666666666668 6.65 1.0 0.0 0.9666666666666667 5.983333333333333 0.13333333333333333 0.36666666666666664 50.64526686231946 16.48921364609806 1.6532795690182993 0.0 2.1599897119096543 15.993219049195687 0.7180219742846001 0.7295356209413095 3.0 3.0 18.333333333333332 1.3333333333333333 625.3333333333334 0.3333333333333333 
24.133333333333333 7.083333333333333 1.45 0.0 0.9333333333333333 6.483333333333333 0.16666666666666666 0.35 62.36384280084807 18.048353264371666 2.0035385363567793 0.0 2.151485275080656 17.604442305534388 0.7564537145273481 0.702969890298771 2.0 2.0 18.0 1.5 242.0 0.5 
23.016666666666666 6.75 1.35 0.0 0.95 6.133333333333334 0.16666666666666666 0.36666666666666664 62.67415513768192 18.127902066519813 2.006863224038948 0.0 2.1558061137310087 17.679994972347203 0.7564537145273483 0.7295356209413095 5.0 5.0 9.0 1.2 54.0 0.2 
41.53333333333333 13.0 1.6833333333333333 0.0 6.433333333333334 7.2 0.23333333333333334 0.4 84.54041768421908 26.049952015310893 2.3486994036889626 0.0 16.099033787432365 20.43917806566595 0.8239471396205518 0.7348469228349533 4.0 4.0 12.25 1.0 96.91666666666667 0.0 
46.96666666666667 15.616666666666667 1.3166666666666667 0.0 9.2 7.1 0.23333333333333334 0.36666666666666664 85.84345571381016 27.856831398340265 2.291227230595478 0.0 16.346049471763305 20.273710398773414 0.8239471396205521 0.7063206700139029 3.0 4.0 9.666666666666666 1.0 105.33333333333333 0.0 
