119.93333333333334 41.6 2.283333333333333 0.016666666666666666 18.283333333333335 24.1 0.48333333333333334 0.5 190.79472971989787 64.66637456978704 2.9949494523651357 0.12801909579781018 45.45587298566478 49.848002300326264 1.7271524413193986 0.8850612031567836 1.0 1.0 2.0 1.0 0.0 0.0 
69.35 24.35 2.9 0.016666666666666666 4.583333333333333 21.216666666666665 0.65 1.2333333333333334 128.77381009610093 45.20797311684449 4.052571200279316 0.1280190957978103 6.689025007843488 45.374035037183496 1.9817921182606415 2.6291105382281326 1.0 1.0 42.0 1.0 0.0 0.0 
45.083333333333336 15.583333333333334 3.15 0.0 4.183333333333334 12.85 0.6333333333333333 1.2166666666666666 97.80103811082763 35.525245327169166 4.388716592961241 0.0 6.195406004093318 35.6173295835983 1.9829831623647793 2.6337025057680457 1.0 1.0 22.0 1.0 0.0 0.0 
80.91666666666667 28.133333333333333 4.8 0.06666666666666667 8.55 22.483333333333334 1.4333333333333333 2.2666666666666666 173.00339993447787 62.476520033974005 7.072953178599916 0.3091206165165234 20.276772425610545 52.42693063260099 3.6713606318215177 6.381918903346305 2.0 2.0 20.5 1.0 684.5 0.0 
103.9 36.583333333333336 4.05 0.06666666666666667 7.333333333333333 31.45 1.1666666666666667 1.75 264.76157198505973 92.23489789059717 6.412032958950433 0.3091206165165233 19.986384254175526 85.80082070314556 3.3124344857252974 5.998958242895178 2.0 2.0 26.0 1.0 32.0 0.0 
135.11666666666667 47.733333333333334 3.683333333333333 0.06666666666666667 6.566666666666666 43.28333333333333 1.1 1.7 347.8005219311143 121.90759706524537 6.198095585652812 0.3091206165165232 20.074334083323635 117.26879261859153 3.294945624235199 5.986930209492445 3.0 3.0 13.0 1.0 223.0 0.0 
94.8 33.4 2.066666666666667 0.0 1.7833333333333334 32.28333333333333 0.3333333333333333 0.7166666666666667 324.29604787395533 113.1782075607609 2.104492549021946 0.0 3.3965260029755235 112.8881587629495 0.9775252199076798 1.0660154261964927 4.0 4.0 12.5 1.0 31.0 0.0 
186.38333333333333 62.21666666666667 2.2666666666666666 0.0 37.483333333333334 25.533333333333335 0.9 0.6166666666666667 595.2524980114649 199.63818035525057 2.6449112566503166 0.0 171.29385002257249 97.79748917476815 3.5246749259092436 0.9145429945545964 3.0 3.0 10.333333333333334 1.0 90.33333333333333 0.0 
156.11666666666667 51.28333333333333 2.533333333333333 0.0 37.583333333333336 14.516666666666667 0.9333333333333333 0.5833333333333334 555.1789829015104 184.52362917041873 2.866279043560754 0.0 171.2746616467895 54.34841048478072 3.544322533605288 0.8998456657795394 3.0 3.0 17.333333333333332 1.0 401.3333333333333 0.0 
197.9 65.46666666666667 3.0166666666666666 0.0 38.0 28.566666666666666 1.0666666666666667 0.5666666666666667 567.6357311985682 188.88492675583072 2.963622033180944 0.0 171.19170540654125 75.14039452178098 3.544322533605285 0.8439325934114773 1.0 1.0 34.0 1.0 0.0 0.0 
140.85 48.266666666666666 3.0 0.0 12.366666666666667 37.06666666666667 0.7833333333333333 0.45 306.57793054947706 104.75922658914371 3.5023801430836525 0.0 29.127287702237034 94.64844895131078 2.33160650387 0.7836878630339166 1.0 1.0 14.0 1.0 0.0 0.0 
206.35 71.45 2.6333333333333333 0.0 24.233333333333334 48.483333333333334 0.65 0.5166666666666667 373.22847448535686 128.70967653340338 3.898575238326035 0.0 41.49673347251429 122.27135010113997 2.286372673034738 0.8060534859562499 1.0 1.0 53.0 1.0 0.0 0.0 
169.78333333333333 58.36666666666667 2.25 0.0 15.15 44.083333333333336 0.23333333333333334 0.5166666666666667 344.2361152690919 118.52312948206449 2.9979159427842537 0.0 33.88845673677102 118.23384902622243 0.823947139620552 0.8060534859562499 1.0 1.0 33.0 1.0 0.0 0.0 
154.11666666666667 52.53333333333333 2.1666666666666665 0.0 14.733333333333333 38.65 0.2 0.48333333333333334 300.1777302236498 101.08865196230266 2.95051784532064 0.0 33.97541594872518 99.72776694582107 0.7916228058025273 0.7186020379103362 1.0 1.0 13.0 1.0 0.0 0.0 
121.7 41.9 1.9666666666666666 0.08333333333333333 7.45 35.35 0.8166666666666667 0.5833333333333334 258.3033939640232 88.71766077469206 2.851705142931547 0.3312434485725301 21.182874372158903 87.10201394533499 2.90110132344406 0.9881239238521096 1.0 1.0 58.0 1.0 0.0 0.0 
81.63333333333334 28.533333333333335 1.05 0.0 3.35 25.516666666666666 0.16666666666666666 0.6333333333333333 253.65645840169114 86.56085848824641 1.321930406640229 0.0 6.1476960454032445 86.64227060480096 0.7564537145273482 1.0159833769418787 2.0 2.0 25.0 1.5 338.0 0.5 
74.05 25.433333333333334 1.1333333333333333 0.0 3.0166666666666666 22.75 0.2 0.5333333333333333 255.08583032644785 87.06517992605056 1.3224556283251585 0.0 6.20884226101954 86.98900792628916 0.7916228058025276 0.7630348761506396 4.0 4.0 11.75 1.5 21.583333333333332 0.3333333333333333 
81.01666666666667 27.833333333333332 1.25 0.0 4.966666666666667 23.3 0.26666666666666666 0.5833333333333334 323.01106749184646 108.6589721202176 1.5771810295587503 0.0 15.259933012813512 98.34332717576723 0.9285592184789409 0.9181805680559549 4.0 4.0 11.75 1.5 26.25 0.3333333333333333 
79.76666666666667 27.3 1.45 0.0 4.833333333333333 22.966666666666665 0.3 0.5333333333333333 294.4918995301719 98.45545524076698 1.637325054267885 0.0 15.085497082370948 87.09266457183533 0.9539392014169467 0.9030811456096046 3.0 3.0 9.666666666666666 1.3333333333333333 69.33333333333334 0.3333333333333333 
87.53333333333333 30.216666666666665 1.4 0.0 3.8666666666666667 26.766666666666666 0.2 0.48333333333333334 292.8841902337661 97.86829443469193 1.7146428199482247 0.0 14.574483028758026 86.55255949742651 0.7916228058025273 0.9218037872683215 1.0 1.0 12.0 1.0 0.0 0.0 
