84.73333333333333 29.083333333333332 1.2333333333333334 0.016666666666666666 26.966666666666665 2.8333333333333335 0.5333333333333333 0.36666666666666664 175.7791101227775 60.00869150011154 2.5519056060564282 0.12801909579781023 60.663818614466486 3.80861596325431 2.246973272847027 0.7295356209413096 6.0 6.0 8.5 1.3333333333333333 33.1 0.6666666666666667 
26.466666666666665 9.15 0.9833333333333333 0.016666666666666666 6.5 2.9166666666666665 0.1 0.5166666666666667 53.59771968615415 18.95593574582906 1.2713728363029035 0.12801909579781032 18.200274723201296 4.001215093221337 0.5686240703077329 0.9397103572673635 4.0 4.0 8.75 1.0 50.916666666666664 0.0 
28.233333333333334 9.633333333333333 1.2833333333333334 0.0 6.5 3.533333333333333 0.2 0.55 54.06118961160791 19.187640698000255 1.4034679270372457 0.0 18.215835601658977 5.074336300334151 0.7916228058025273 0.9561206339508982 3.0 3.0 16.333333333333332 1.0 92.33333333333333 0.0 
51.95 15.583333333333334 3.5166666666666666 0.0 4.033333333333333 14.233333333333333 0.36666666666666664 0.5333333333333333 152.05124410320795 45.80330834727504 10.182487689928996 0.0 8.82414616580865 49.16413552806783 0.9994442900376633 0.9392668535736917 4.0 4.0 13.25 1.0 118.25 0.0 
94.31666666666666 28.4 4.966666666666667 0.0 12.433333333333334 20.333333333333332 0.5666666666666667 0.4666666666666667 254.2373885214805 79.7097233717443 11.610292368794545 0.0 62.07344216508557 53.5476942132484 1.4647715028479886 0.9392668535736912 4.0 4.0 8.25 1.0 74.91666666666667 0.0 
125.55 36.916666666666664 7.466666666666667 0.0 14.4 29.25 0.9 0.5166666666666667 293.50453857933223 88.79663876271192 16.556435472515076 0.0 62.70199358872092 67.85293533321409 2.5865034312755126 1.0245595259535794 4.0 3.0 14.0 1.0 80.66666666666667 0.0 
151.8 46.6 7.1 0.0 18.766666666666666 34.05 0.9333333333333333 0.5833333333333334 299.7121285500473 92.77880505086635 14.366279963859814 0.0 67.26077774024193 60.026223436095 2.7378012264508103 1.2421978729476058 2.0 2.0 19.0 1.0 2.0 0.0 
117.28333333333333 35.31666666666667 6.983333333333333 0.0 11.4 29.75 0.7666666666666667 0.5833333333333334 229.95087096063708 69.26266230003645 15.226612302880184 0.0 30.43692932387672 57.36248047867758 2.551905606056427 1.1149240133549707 1.0 2.0 18.0 1.0 0.0 0.0 
43.55 15.833333333333334 0.9833333333333333 0.0 12.366666666666667 3.783333333333333 0.16666666666666666 0.6333333333333333 67.94935000915511 24.117881793852092 1.2448783965601717 0.0 23.722680193341464 4.498487400103382 0.7564537145273482 0.9122621455602671 1.0 1.0 44.0 1.0 0.0 0.0 
40.8 14.95 1.0333333333333334 0.0 9.95 5.333333333333333 0.16666666666666666 0.6 56.55728659215068 20.568928832910412 1.1827463332806785 0.0 18.526040231702687 8.75531584556237 0.7564537145273481 0.9165151389911678 2.0 2.0 20.5 1.0 24.5 0.0 
35.81666666666667 12.8 1.1 0.0 7.866666666666666 5.233333333333333 0.13333333333333333 0.5833333333333334 56.5922526107201 20.57652383988446 1.312757911167681 0.0 18.397886352030273 8.657110115711566 0.7180219742846 0.8998456657795396 3.0 3.0 13.333333333333334 1.0 66.33333333333334 0.0 
25.4 8.883333333333333 1.3333333333333333 0.0 3.1 6.116666666666666 0.16666666666666666 0.4666666666666667 37.427797156658855 13.874547039653422 1.6599866130651642 0.0 6.587108622149786 11.3064755290448 0.7564537145273481 0.8459051693633008 6.0 6.0 8.0 1.0 79.6 0.0 
18.966666666666665 6.633333333333334 1.2166666666666666 0.0 1.9666666666666666 4.966666666666667 0.16666666666666666 0.6333333333333333 26.424084132136393 9.758699822323782 1.623696058038231 0.0 2.804559779280085 9.27715234086169 0.6624868971450599 1.0949378470437896 5.0 5.0 5.8 1.0 63.199999999999996 0.0 
29.583333333333332 10.55 1.2 0.0 5.85 5.166666666666667 0.26666666666666666 0.65 33.29128598030155 12.032490736889569 1.5999999999999999 0.0 8.037049624499446 9.318738588934066 0.8537498983243794 1.1228683508467647 5.0 5.0 9.0 1.0 211.5 0.0 
37.2 13.55 0.95 0.0 9.566666666666666 4.416666666666667 0.23333333333333334 0.6333333333333333 30.614702350341407 11.333468136453199 1.2573119475028203 0.0 9.921973370028542 5.640010835292978 0.8239471396205519 1.110055053689781 1.0 1.0 29.0 1.0 0.0 0.0 
53.2 19.266666666666666 1.3166666666666667 0.0 13.233333333333333 6.716666666666667 0.7166666666666667 0.5833333333333334 41.656051981274786 15.080745634380577 1.746345390300047 0.0 13.59333987248494 8.88461529211529 2.0338114192050574 1.1731960146918712 1.0 1.0 9.0 1.0 0.0 0.0 
69.58333333333333 24.4 1.5333333333333334 0.0 12.1 13.1 0.85 0.6 94.98004907464632 31.784272840510287 1.736535503684147 0.0 17.096490868011482 20.95367907234113 2.0722371164195152 1.2138094304022082 2.0 2.0 25.5 1.0 420.5 0.0 
81.36666666666666 28.433333333333334 1.6666666666666667 0.0 8.45 20.816666666666666 0.8833333333333333 0.6166666666666667 175.78414477863345 62.11665548698585 1.8499249234015471 0.0 16.691739473963366 57.966223402560516 2.0743807643621146 1.1845064607487605 3.0 3.0 13.333333333333334 1.0 34.333333333333336 0.0 
65.45 22.683333333333334 1.3333333333333333 0.0 4.433333333333334 18.75 0.3333333333333333 0.6 176.17779135483184 62.203025560569706 1.5347819244295111 0.0 12.514480501491944 58.100666949700326 0.9603240193925301 0.9865765724632493 4.0 4.0 13.75 1.0 19.583333333333332 0.0 
69.15 24.466666666666665 1.0833333333333333 0.0 1.8166666666666667 23.016666666666666 0.16666666666666666 0.5666666666666667 222.23792243149384 79.40076965761871 1.486513445018989 0.0 2.9579929381630055 79.2049012933473 0.7564537145273482 0.9012337223063841 4.0 4.0 9.5 1.25 85.66666666666667 0.25 
50.78333333333333 17.983333333333334 0.95 0.0 1.55 16.75 0.13333333333333333 0.5 165.57426245914215 58.717825705279274 1.334478674739066 0.0 2.326836192486842 58.24964234511087 0.7180219742846002 0.8850612031567836 4.0 4.0 9.5 1.25 97.0 0.25 
48.18333333333333 17.016666666666666 0.9 0.0 1.3 16.05 0.13333333333333333 0.43333333333333335 165.66919766678282 58.74450092467284 1.2871156384205218 0.0 2.2007574453658747 58.220393048026274 0.7180219742846 0.7156970184527963 2.0 2.0 10.0 1.5 162.0 0.5 
32.3 11.116666666666667 0.9666666666666667 0.0 1.4333333333333333 9.966666666666667 0.13333333333333333 0.48333333333333334 76.52653134697796 25.495811202801313 1.3900439641328692 0.0 2.6480600865958883 24.76958260088818 0.7180219742846001 0.8060534859562494 3.0 3.0 13.333333333333334 1.0 420.33333333333326 0.0 
27.916666666666668 9.266666666666667 1.1166666666666667 0.0 1.1666666666666667 8.4 0.13333333333333333 0.48333333333333334 76.088170711499 25.23084531987694 1.5821047865282358 0.0 2.436983563524564 24.42962682209179 0.7180219742846002 0.8658650138573689 5.0 5.0 9.4 1.4 89.3 0.3 
27.833333333333332 9.166666666666666 1.2 0.0 1.3 8.166666666666666 0.13333333333333333 0.48333333333333334 76.25858785882556 25.30557689961293 1.7204650534085246 0.0 2.518597493315145 24.46232931581856 0.7180219742846 0.8658650138573686 7.0 8.0 7.0 1.25 76.33333333333333 0.21428571428571427 
