0.124 0.162 0.026 0.008 0.026 0.162 0.042 0.142 0.226 0.309 0.143 0.091 0.143 0.309 0.157 0.238 7.0 6.0 16.285714285714285 1.0 221.9047619047619 0.0 
0.065 0.079 0.034 0.008 0.033 0.078 0.056 0.139 0.174 0.236 0.163 0.091 0.163 0.236 0.203 0.242 9.0 8.0 12.222222222222221 1.25 115.69444444444444 0.5 
0.028 0.073 0.027 0.008 0.026 0.172 0.044 0.133 0.145 0.12 0.145 0.091 0.145 0.174 0.177 0.237 10.0 9.0 10.8 1.3333333333333333 109.73333333333333 0.5 
0.029 0.078 0.028 0.008 0.027 0.177 0.061 0.144 0.15 0.124 0.149 0.091 0.15 0.184 0.206 0.261 10.0 9.0 10.8 1.3333333333333333 43.06666666666667 0.5 
0.034 0.161 0.034 0.0 0.033 0.168 0.056 0.136 0.163 0.186 0.163 0.0 0.164 0.184 0.199 0.245 11.0 10.0 9.727272727272727 1.3 41.418181818181814 0.45555555555555555 
0.025 0.153 0.024 0.0 0.024 0.161 0.044 0.122 0.147 0.172 0.147 0.0 0.147 0.175 0.177 0.223 11.0 10.0 9.727272727272727 1.3 63.418181818181814 0.45555555555555555 
0.033 0.162 0.032 0.0 0.032 0.172 0.061 0.128 0.168 0.18 0.169 0.0 0.169 0.179 0.206 0.236 10.0 10.0 10.7 1.3 78.45555555555556 0.45555555555555555 
0.025 0.186 0.025 0.0 0.024 0.186 0.072 0.128 0.148 0.206 0.148 0.0 0.148 0.198 0.22 0.236 9.0 8.0 12.333333333333334 1.125 63.24999999999999 0.125 
0.033 0.175 0.032 0.0 0.031 0.174 0.067 0.136 0.168 0.195 0.168 0.0 0.168 0.187 0.218 0.238 10.0 9.0 11.0 1.1111111111111112 78.44444444444444 0.11111111111111112 
0.025 0.175 0.025 0.0 0.024 0.175 0.067 0.131 0.147 0.187 0.147 0.0 0.148 0.18 0.213 0.225 8.0 7.0 14.0 1.1428571428571428 105.42857142857143 0.14285714285714285 
0.027 0.047 0.026 0.0 0.025 0.194 0.072 0.122 0.154 0.096 0.153 0.0 0.153 0.185 0.22 0.231 8.0 7.0 14.0 1.1428571428571428 94.0 0.14285714285714285 
0.035 0.048 0.034 0.0 0.034 0.199 0.072 0.139 0.168 0.096 0.168 0.0 0.168 0.192 0.22 0.246 8.0 7.0 13.875 1.2857142857142858 95.55357142857143 0.2380952380952381 
0.027 0.046 0.026 0.0 0.026 0.188 0.067 0.139 0.146 0.096 0.146 0.0 0.146 0.189 0.213 0.246 9.0 8.0 12.222222222222221 1.25 94.19444444444444 0.21428571428571427 
0.037 0.068 0.034 0.0 0.036 0.142 0.021 0.131 0.162 0.156 0.163 0.0 0.163 0.146 0.097 0.245 8.0 7.0 13.875 1.2857142857142858 110.41071428571429 0.2380952380952381 
0.039 0.078 0.036 0.0 0.038 0.142 0.022 0.139 0.156 0.158 0.157 0.0 0.157 0.145 0.098 0.253 6.0 5.0 19.0 1.2 240.4 0.2 
0.044 0.025 0.036 0.0 0.044 0.085 0.024 0.115 0.16 0.096 0.157 0.0 0.161 0.115 0.101 0.209 6.0 5.0 19.0 1.2 512.4 0.2 
0.057 0.023 0.047 0.0 0.056 0.078 0.023 0.123 0.189 0.095 0.186 0.0 0.191 0.114 0.101 0.207 6.0 5.0 19.0 1.2 902.8 0.2 
0.046 0.024 0.036 0.0 0.046 0.08 0.024 0.125 0.169 0.095 0.164 0.0 0.171 0.115 0.101 0.209 6.0 5.0 19.166666666666668 1.0 931.3666666666666 0.0 
0.044 0.024 0.037 0.0 0.044 0.08 0.025 0.125 0.157 0.095 0.155 0.0 0.159 0.114 0.102 0.212 3.0 2.0 39.333333333333336 1.0 1012.3333333333334 0.0 
0.042 0.019 0.035 0.0 0.041 0.078 0.039 0.129 0.16 0.094 0.157 0.0 0.161 0.108 0.134 0.219 3.0 2.0 39.333333333333336 1.0 352.3333333333333 0.0 
0.04 0.017 0.035 0.0 0.039 0.082 0.044 0.135 0.168 0.094 0.165 0.0 0.168 0.112 0.141 0.223 5.0 4.0 23.0 1.25 461.5 0.25 
0.035 0.192 0.035 0.0 0.034 0.196 0.072 0.125 0.165 0.196 0.165 0.0 0.165 0.193 0.224 0.214 7.0 6.0 16.142857142857142 1.1666666666666667 303.14285714285717 0.16666666666666666 
0.033 0.049 0.032 0.0 0.032 0.19 0.075 0.123 0.168 0.102 0.166 0.0 0.166 0.191 0.221 0.214 7.0 6.0 16.142857142857142 1.1666666666666667 356.47619047619054 0.16666666666666666 
0.041 0.049 0.039 0.0 0.039 0.19 0.083 0.123 0.186 0.103 0.184 0.0 0.184 0.189 0.237 0.214 6.0 5.0 19.0 1.2 350.4 0.2 
0.041 0.048 0.04 0.0 0.039 0.194 0.083 0.112 0.187 0.102 0.186 0.0 0.185 0.205 0.237 0.204 8.0 7.0 14.0 1.1428571428571428 156.28571428571428 0.14285714285714285 
0.04 0.048 0.039 0.0 0.039 0.185 0.086 0.116 0.189 0.11 0.188 0.0 0.188 0.202 0.242 0.198 8.0 7.0 11.625 1.1428571428571428 113.98214285714286 0.14285714285714285 
0.038 0.051 0.037 0.0 0.037 0.189 0.082 0.111 0.183 0.121 0.183 0.0 0.183 0.197 0.237 0.196 6.0 5.0 12.666666666666666 1.0 157.06666666666666 0.0 
0.05 0.057 0.049 0.0 0.049 0.189 0.087 0.142 0.21 0.137 0.209 0.0 0.209 0.209 0.241 0.237 4.0 3.0 14.5 1.0 101.66666666666667 0.0 
0.049 0.224 0.048 0.0 0.048 0.226 0.098 0.138 0.207 0.246 0.208 0.0 0.208 0.236 0.258 0.233 3.0 2.0 13.0 1.0 112.0 0.0 
