744.35 287.6166666666667 2.8 0.0 1.0 287.28333333333336 0.26666666666666666 0.4 2544.021113807824 992.8089458982305 2.3508863576673935 0.0 2.2211108331943574 992.5246443903658 0.9977753031397166 0.7118052168020874 1.0 2.0 1.0 1.0 0.0 0.0 
22.016666666666666 6.5 2.1666666666666665 0.0 0.7833333333333333 6.433333333333334 0.16666666666666666 0.36666666666666664 14.670255242799591 4.341658669218482 2.9049765728640375 0.0 1.7989966339292829 4.698817818227143 0.7564537145273482 0.7295356209413095 1.0 1.0 56.0 1.0 0.0 0.0 
274.03333333333336 5.683333333333334 78.33333333333333 0.0 75.01666666666667 7.533333333333333 0.13333333333333333 0.3333333333333333 1337.7270395047794 4.63138448222799 400.0312765549991 0.0 400.0436847673292 10.84967997479905 0.7180219742846002 0.6992058987801009 3.0 2.0 19.0 1.0 273.0 0.0 
577.0833333333334 5.35 168.21666666666667 0.0 165.01666666666668 7.466666666666667 0.16666666666666666 0.36666666666666664 1896.4061563183725 5.659284407060666 562.9392238263576 0.0 563.3268882767408 11.424340486678238 0.7564537145273483 0.7295356209413094 4.0 3.0 14.0 1.0 55.333333333333336 0.0 
819.3666666666667 4.733333333333333 241.11666666666667 0.0 237.95 6.65 0.16666666666666666 0.38333333333333336 2248.891059809009 5.492014404771916 668.8586819268246 0.0 669.3549239130663 11.20390556904154 0.7564537145273482 0.7092640943651071 2.0 3.0 18.5 1.0 0.5 0.0 
852.55 4.766666666666667 250.26666666666668 0.0 248.61666666666667 5.0 0.16666666666666666 0.4 2279.409429545293 5.238850594887734 676.1725338665832 0.0 676.1541513507769 5.313504806936128 0.7564537145273481 0.66332495807108 2.0 2.0 22.0 1.0 18.0 0.0 
837.9833333333333 7.466666666666667 245.1 0.0 243.2 7.683333333333334 0.23333333333333334 0.4 2362.8904297608797 14.50226036021818 705.3639651508527 0.0 705.0479369045294 14.541310883899781 0.8239471396205517 0.6377042156569663 1.0 1.0 25.0 1.0 0.0 0.0 
954.1333333333333 8.05 280.06666666666666 0.0 277.93333333333334 8.533333333333333 0.26666666666666666 0.38333333333333336 2464.6575047165384 14.607560827644475 738.2689181833106 0.0 737.5652935315098 14.612171486659866 0.8537498983243798 0.6080478782318235 1.0 1.0 5.0 1.0 0.0 0.0 
652.0833333333334 6.166666666666667 191.1 0.0 190.33333333333334 5.583333333333333 0.16666666666666666 0.4166666666666667 1457.7751917638816 5.859939324676398 435.2422582118301 0.0 435.1892181058208 4.104029185514591 0.7564537145273481 0.7369230323144714 1.0 1.0 55.0 1.0 0.0 0.0 
531.3166666666667 6.733333333333333 154.76666666666668 0.0 154.0 6.1 0.26666666666666666 0.6 1377.0456478958456 7.077821384829908 410.0528976716162 0.0 410.04133937933625 4.780864635886135 0.9977753031397175 0.9345230512584122 1.0 1.0 35.0 1.0 0.0 0.0 
330.75 6.35 95.2 0.0 94.4 5.55 0.23333333333333334 0.6 1148.5913056871013 6.850364953781661 342.1988603137071 0.0 342.0598972889592 4.503424622810216 0.9012337223063847 0.8981462390204982 1.0 1.0 15.0 1.0 0.0 0.0 
