60.166666666666664 18.483333333333334 1.9833333333333334 0.016666666666666666 2.7666666666666666 16.083333333333332 0.13333333333333333 0.3333333333333333 157.61611240253606 49.66269279404366 2.6171973984058265 0.12801909579781023 3.9258403205202117 49.25826213833461 0.6182412330330467 0.6497862896539307 3.0 4.0 16.0 2.0 631.0 2.0 
61.46666666666667 18.966666666666665 2.033333333333333 0.016666666666666666 2.566666666666667 16.966666666666665 0.26666666666666666 0.4 157.39710571954262 49.57854598737463 2.6581112759919527 0.1280190957978103 3.835651472986333 49.09038149735197 0.8537498983243795 0.6879922480183431 2.0 2.0 20.5 2.5 264.5 4.5 
37.43333333333333 11.866666666666667 1.2166666666666666 0.0 1.0833333333333333 11.2 0.2 0.4166666666666667 127.04151115110194 40.6359720226085 1.450191558227931 0.0 1.9518509733640592 39.965318298077726 0.7916228058025275 0.7369230323144714 4.0 4.0 9.75 1.75 44.916666666666664 2.25 
59.083333333333336 19.3 1.1333333333333333 0.0 2.4 17.366666666666667 0.23333333333333334 0.48333333333333334 169.55670552617164 55.138703889977926 1.3349989596333862 0.0 3.8910152916687437 54.805707326477915 0.8239471396205515 0.7851043808875915 3.0 3.0 7.666666666666667 1.0 69.33333333333333 0.0 
84.43333333333334 26.966666666666665 1.2166666666666666 0.0 2.5833333333333335 24.783333333333335 0.2 0.48333333333333334 204.53462352917714 65.08429576753178 1.3303090701871583 0.0 4.124284449722426 64.86012942392952 0.7916228058025275 0.846397595039641 4.0 4.0 13.0 1.0 378.0 0.0 
110.7 35.11666666666667 1.2333333333333334 0.0 2.933333333333333 32.583333333333336 0.2 0.4166666666666667 232.60197047030078 73.26392738282296 1.4067298564006125 0.0 4.316119656460983 73.28717297196164 0.7916228058025275 0.7369230323144713 3.0 2.0 19.0 1.0 133.0 0.0 
109.13333333333334 34.2 1.2 0.0 2.5833333333333335 31.983333333333334 0.16666666666666666 0.4166666666666667 262.429004155833 80.50648007044734 1.525341491819673 0.0 3.9970475214699266 80.25885032540373 0.7564537145273483 0.6902093080282884 5.0 5.0 9.8 1.0 55.2 0.0 
110.01666666666667 34.63333333333333 1.1833333333333333 0.0 2.75 32.2 0.13333333333333333 0.38333333333333336 266.1057741867988 81.73289151593471 1.7271524413193975 0.0 3.8193585848935423 81.76792362126689 0.7180219742846001 0.6348665651580304 3.0 3.0 10.333333333333334 1.0 56.33333333333333 0.0 
83.06666666666666 26.016666666666666 1.2666666666666666 0.0 2.3 24.033333333333335 0.13333333333333333 0.36666666666666664 242.03380388330518 74.53153508564158 1.7307673314329564 0.0 3.6482872693909387 74.3341479775988 0.7180219742846002 0.6823163163486239 3.0 3.0 13.666666666666666 1.0 176.33333333333334 0.0 
58.88333333333333 18.616666666666667 1.2666666666666666 0.0 3.4 15.583333333333334 0.16666666666666666 0.43333333333333335 168.4117070026771 53.04780600762129 1.7016332024133631 0.0 11.340487937768229 51.93627238153398 0.7564537145273483 0.7156970184527962 2.0 2.0 20.0 1.0 18.0 0.0 
31.9 10.233333333333333 1.1833333333333333 0.0 3.0166666666666666 7.583333333333333 0.16666666666666666 0.43333333333333335 109.12892986432763 35.66808408398498 1.3963245404354323 0.0 11.371736406059052 33.18196883181519 0.7564537145273482 0.7386173268720112 4.0 4.0 13.5 1.0 145.0 0.0 
31.583333333333332 10.233333333333333 1.0833333333333333 0.0 2.933333333333333 7.583333333333333 0.1 0.4 109.07265035541941 35.622729947168416 1.4752589226603205 0.0 11.334117619921813 33.14930450083212 0.5686240703077333 0.66332495807108 6.0 6.0 8.5 1.0 107.5 0.0 
27.4 8.85 1.1666666666666667 0.0 1.4833333333333334 7.666666666666667 0.13333333333333333 0.36666666666666664 105.54433507615019 35.21402419491415 1.6141733350404335 0.0 2.673896449420251 34.231888966608636 0.7180219742846 0.7063206700139029 6.0 6.0 8.333333333333334 1.0 31.466666666666665 0.0 
26.766666666666666 8.716666666666667 1.0833333333333333 0.0 1.4333333333333333 7.583333333333333 0.13333333333333333 0.36666666666666664 105.5595198086 35.20847041393433 1.6562172428626498 0.0 2.6227635975987043 34.22342845998271 0.7180219742846001 0.7295356209413096 7.0 7.0 6.571428571428571 1.0 33.285714285714285 0.0 
26.9 8.866666666666667 0.95 0.0 1.6666666666666667 7.483333333333333 0.13333333333333333 0.36666666666666664 105.48328461577852 35.196338193372085 1.3469100440143238 0.0 2.754793801519251 34.257598508295324 0.7180219742846 0.7295356209413095 4.0 4.0 7.25 1.0 36.25 0.0 
25.966666666666665 8.5 0.9166666666666666 0.0 1.3166666666666667 7.516666666666667 0.13333333333333333 0.36666666666666664 105.49201654891026 34.92635108338688 1.129773822005488 0.0 2.552721858896673 33.57106475655619 0.7180219742846001 0.7063206700139028 4.0 4.0 10.25 1.25 192.91666666666666 0.25 
41.88333333333333 13.75 1.0166666666666666 0.0 1.4166666666666667 12.7 0.16666666666666666 0.36666666666666664 122.30414161243911 40.497993777470015 1.0876835732673154 0.0 2.672649538483405 39.347299780289866 0.7564537145273481 0.6574360974438673 1.0 1.0 24.0 2.0 0.0 0.0 
41.38333333333333 13.483333333333333 1.1 0.0 1.2333333333333334 12.616666666666667 0.16666666666666666 0.4 122.44428551612995 40.57153832703686 1.2476644848141936 0.0 2.4857370916669552 39.36499784777787 0.7564537145273483 0.6633249580710799 2.0 2.0 28.0 1.5 1152.0 0.5 
46.6 15.933333333333334 1.1833333333333333 0.0 1.2 15.133333333333333 0.2 0.4 127.10116705469963 43.67183175559377 1.5967849643024017 0.0 2.3437861108329257 43.37644009777146 0.7916228058025275 0.7118052168020874 2.0 2.0 22.5 1.5 480.5 0.5 
30.883333333333333 10.7 1.1333333333333333 0.0 1.2 9.883333333333333 0.2 0.38333333333333336 111.73854776018686 38.886715812301084 1.6779617264870954 0.0 2.712931993250107 38.58069105423362 0.7916228058025275 0.7547994582816167 3.0 3.0 16.0 1.3333333333333333 67.0 0.3333333333333333 
31.583333333333332 10.916666666666666 1.2333333333333334 0.0 1.2166666666666666 10.1 0.2 0.43333333333333335 111.66307830055361 38.85498323538721 1.646882576938083 0.0 2.7085769121235757 38.549405529355 0.7916228058025273 0.8034647195462629 3.0 3.0 13.0 1.3333333333333333 79.0 0.3333333333333333 
34.78333333333333 11.35 1.3166666666666667 0.0 3.5833333333333335 8.266666666666667 0.26666666666666666 0.4666666666666667 111.48005676153721 37.10652458351046 1.431685098833617 0.0 12.716513760548615 35.359047247093955 0.8537498983243798 0.845905169363301 4.0 4.0 10.5 1.5 48.333333333333336 1.0 
34.46666666666667 11.15 1.35 0.0 3.316666666666667 8.3 0.23333333333333334 0.38333333333333336 111.45693737443575 37.11415947227331 1.3394650673558706 0.0 12.662927079558742 35.33520435297729 0.8239471396205521 0.7977398629182878 5.0 5.0 9.4 1.4 85.8 0.8 
33.31666666666667 10.916666666666666 1.1166666666666667 0.0 3.3833333333333333 8.0 0.23333333333333334 0.4 111.67609288573009 37.16014516775853 1.2661183023539135 0.0 12.654500736452965 35.38361202590826 0.8239471396205517 0.7571877794400361 5.0 5.0 9.8 1.6 96.2 0.7999999999999999 
41.43333333333333 13.45 1.2 0.0 1.3833333333333333 12.416666666666666 0.2 0.38333333333333336 124.07569822043673 40.44231488593765 1.4 0.0 3.006058696846901 40.2563832067523 0.7916228058025275 0.7092640943651072 3.0 3.0 11.0 1.3333333333333333 79.0 0.3333333333333333 
43.06666666666667 14.116666666666667 1.2 0.0 1.45 13.016666666666667 0.2 0.4166666666666667 123.6811581805769 40.28775317085274 1.4696938456699067 0.0 3.0244834269673238 40.12459414817246 0.7916228058025275 0.7369230323144713 2.0 2.0 27.0 1.5 288.0 0.5 
46.21666666666667 15.1 1.4 0.0 1.4166666666666667 14.083333333333334 0.23333333333333334 0.4 123.12826532613147 40.11886505539923 1.5937377450509225 0.0 3.001619933006547 39.95718194378688 0.8239471396205517 0.7348469228349533 1.0 1.0 36.0 1.0 0.0 0.0 
18.183333333333334 6.05 1.1166666666666667 0.0 1.25 5.133333333333334 0.16666666666666666 0.4 14.971630579940927 5.203924800891471 1.582104786528236 0.0 2.6180463454008347 4.720404879056693 0.7564537145273481 0.6633249580710799 2.0 2.0 22.5 1.0 84.5 0.0 
