121.51666666666667 40.8 1.8166666666666667 0.0 38.3 2.966666666666667 0.26666666666666666 0.5166666666666667 207.46497629452762 69.26393963191332 1.9789868339352057 0.0 69.52105196749159 3.7191695608323947 0.8537498983243792 0.8264717512144963 3.0 4.0 13.666666666666666 1.25 184.33333333333334 0.25 
90.6 31.0 1.0666666666666667 0.0 28.633333333333333 2.7666666666666666 0.26666666666666666 0.5833333333333334 192.632569070411 64.11188137415196 1.400793425963379 0.0 64.44505842619398 3.105729472371276 0.9285592184789411 0.9361564446655748 2.0 2.0 11.5 1.5 0.5 0.5 
65.93333333333334 21.633333333333333 1.2833333333333334 0.0 10.1 11.9 0.23333333333333334 0.5166666666666667 147.49676455961858 45.549960361002384 1.4270209840394392 0.0 18.921504520870776 43.36538558189777 0.9012337223063849 0.8849042634972194 2.0 2.0 27.5 1.5 1104.5 0.5 
54.21666666666667 17.233333333333334 1.4666666666666666 0.0 5.65 11.95 0.23333333333333334 0.5 143.37004471723586 43.71703202287283 1.5860503004493758 0.0 11.193487690021671 43.36989163002371 0.9012337223063845 0.8465616732800196 1.0 1.0 37.0 1.0 0.0 0.0 
83.5 26.933333333333334 2.05 0.0 15.45 12.233333333333333 0.3333333333333333 0.5333333333333333 183.03355794316334 58.71197114350323 2.0609463845524947 0.0 43.29604485400486 43.32411440397704 1.1642832797715321 0.8259674462242577 1.0 1.0 17.0 1.0 0.0 0.0 
45.96666666666667 15.266666666666667 1.8166666666666667 0.0 13.016666666666667 2.966666666666667 0.3 0.5833333333333334 125.05345079427259 42.81505446556023 2.1015206134817923 0.0 43.161515136622434 3.54479273802511 1.1445523142259606 0.9361564446655746 2.0 2.0 27.0 1.5 1152.0 0.5 
45.71666666666667 15.366666666666667 1.5833333333333333 0.0 13.05 3.05 0.3 0.55 125.07998663077781 42.75900165137421 2.0354497182577513 0.0 43.152607105480904 3.4079563768726064 1.144552314225961 0.9205976319760988 3.0 3.0 12.666666666666666 1.3333333333333333 252.33333333333337 0.3333333333333333 
47.71666666666667 16.05 1.5333333333333334 0.0 11.766666666666667 5.016666666666667 0.26666666666666666 0.5 104.54235053582616 35.481180457626635 2.6737406173540634 0.0 35.091008661605734 8.924669306042787 1.0624918300339483 0.8660254037844386 3.0 3.0 6.0 1.3333333333333333 19.0 0.3333333333333333 
45.68333333333333 15.483333333333333 1.25 0.0 11.3 4.833333333333333 0.2 0.36666666666666664 105.04832089196961 35.60781359321136 2.6052830940226053 0.0 35.197679847777856 8.843390501134479 0.9451631252505215 0.6823163163486238 3.0 3.0 17.333333333333332 1.0 752.3333333333333 0.0 
49.516666666666666 16.766666666666666 1.6 0.0 12.033333333333333 5.566666666666666 0.36666666666666664 0.5 104.52264374553273 35.4553083316009 2.7880698221768654 0.0 35.13211572842656 9.243676517249805 1.2378296418418098 0.9219544457292888 2.0 2.0 16.5 1.0 420.5 0.0 
23.65 8.1 1.3833333333333333 0.0 5.083333333333333 3.45 0.26666666666666666 0.6 24.500221087437833 9.151866840523123 1.898171634904377 0.0 8.428704263144812 4.473719556103921 0.9977753031397169 1.1575836902790224 2.0 2.0 6.5 1.0 40.5 0.0 
55.766666666666666 19.366666666666667 1.5666666666666667 0.0 12.716666666666667 7.483333333333333 0.6 0.4 124.72708429028376 43.191035592534185 2.906123802516947 0.0 42.934869925918704 14.745046249126819 2.3180451534284963 0.7118052168020874 3.0 3.0 18.333333333333332 1.0 440.3333333333333 0.0 
59.46666666666667 20.933333333333334 1.5166666666666666 0.0 12.9 8.933333333333334 0.6666666666666666 0.5 124.24444543810489 42.99607217202778 2.906840591126766 0.0 42.89471606930938 15.304538179536447 2.3285665595430665 0.7416198487095663 5.0 4.0 11.0 1.0 69.0 0.0 
22.0 7.666666666666667 1.2666666666666666 0.0 2.15 5.983333333333333 0.3333333333333333 0.5833333333333334 21.949943052317927 8.229351263752338 1.6006942938057285 0.0 3.3804585487770735 7.588349988999952 1.0434983894999024 1.0998737301264279 5.0 5.0 7.0 1.0 39.0 0.0 
30.266666666666666 10.55 1.25 0.0 6.0 5.033333333333333 0.3 0.5833333333333334 44.77010411225579 15.361667661205711 1.5013882464794597 0.0 14.634434279010128 6.1399420916559855 0.9539392014169463 1.0846146269015962 2.0 2.0 9.0 1.0 50.0 0.0 
29.0 9.833333333333334 1.4833333333333334 0.0 6.816666666666666 3.4166666666666665 0.23333333333333334 0.6 43.07899720281335 14.650559337065905 1.5967849643024024 0.0 14.455093296904808 3.137364428235195 0.9012337223063844 1.0832051206181275 1.0 1.0 52.0 1.0 0.0 0.0 
30.15 10.45 1.2166666666666666 0.0 7.516666666666667 3.283333333333333 0.16666666666666666 0.5333333333333333 43.66876267234205 14.965989220005921 1.4616391103445776 0.0 14.468922635159199 3.5967191840466066 0.7564537145273482 0.8259674462242577 1.0 1.0 32.0 1.0 0.0 0.0 
32.71666666666667 11.733333333333333 1.2166666666666666 0.0 8.666666666666666 3.533333333333333 0.2 0.55 25.885061114258338 9.932885895963077 1.4386529193041042 0.0 8.521867296679892 4.642078078715274 0.7916228058025275 0.8046738469715542 2.0 2.0 25.0 1.0 338.0 0.0 
38.46666666666667 14.05 1.05 0.0 10.583333333333334 4.033333333333333 0.26666666666666666 0.5166666666666667 29.115555216336777 11.130176698208045 1.3592277219068192 0.0 9.506649719479984 5.300838508093687 0.8537498983243794 0.8060534859562501 3.0 3.0 16.666666666666668 1.0 210.33333333333331 0.0 
43.666666666666664 16.033333333333335 1.1 0.0 12.766666666666667 3.8333333333333335 0.26666666666666666 0.4666666666666667 28.598756771735538 10.983270106039559 1.4224392195567912 0.0 9.209355146926535 5.2604393563867085 0.8537498983243798 0.6699917080747257 3.0 3.0 10.0 1.0 57.0 0.0 
34.56666666666667 12.383333333333333 1.2333333333333334 0.0 9.5 3.3 0.2 0.38333333333333336 25.08742491546091 9.669697800632425 1.6162370563200874 0.0 8.192476223137096 4.352393977265079 0.7916228058025275 0.6348665651580301 3.0 3.0 16.333333333333332 1.0 364.3333333333333 0.0 
29.4 10.316666666666666 1.3 0.0 7.6 3.05 0.13333333333333333 0.4 20.738209501626056 7.931985179568156 1.7635192088548397 0.0 6.716149690608948 3.77016798918386 0.7180219742846 0.6377042156569663 2.0 2.0 27.0 1.0 32.0 0.0 
20.733333333333334 6.966666666666667 1.3 0.0 4.266666666666667 3.066666666666667 0.16666666666666666 0.4 16.352233962231452 5.952497141723145 1.7540429489230491 0.0 5.0887675871035345 3.5254629325648694 0.7564537145273481 0.7118052168020875 4.0 3.0 14.0 1.0 36.666666666666664 0.0 
18.983333333333334 6.616666666666666 0.95 0.0 3.466666666666667 3.45 0.13333333333333333 0.43333333333333335 14.607636891556263 5.391634466673554 1.4991664350564957 0.0 4.055722979801367 3.532822290086686 0.6182412330330466 0.7608474807008881 3.0 3.0 12.333333333333334 1.0 6.333333333333333 0.0 
24.1 8.633333333333333 0.9833333333333333 0.0 5.45 3.6166666666666667 0.2 0.5166666666666667 21.11847532375384 7.702741214802836 1.565158848878356 0.0 7.06499587166664 3.615207078746973 0.7916228058025273 0.9218037872683225 2.0 2.0 9.0 1.0 2.0 0.0 
24.35 8.6 1.1 0.0 5.416666666666667 3.5833333333333335 0.16666666666666666 0.5 21.768344754099548 8.050258795011915 1.6299284237863534 0.0 6.8951472468364 4.2516336729413675 0.7564537145273481 0.9036961141150639 1.0 1.0 44.0 3.0 0.0 0.0 
