120.3 41.53333333333333 1.1333333333333333 0.0 7.766666666666667 34.36666666666667 0.43333333333333335 0.45 187.04351543602542 64.01678599311971 1.8116904322268252 0.0 14.649649218401857 61.55511532132989 1.2432037465981012 0.825126252965771 2.0 2.0 23.0 2.0 882.0 2.0 
115.38333333333334 39.55 1.1 0.05 5.183333333333334 34.86666666666667 0.26666666666666666 0.48333333333333334 175.97273384122767 60.39382556740935 1.640121946685672 0.21794494717703367 14.642963801392415 57.57298749317155 0.9809292646374764 0.8264717512144951 1.0 1.0 27.0 3.0 0.0 0.0 
117.1 39.916666666666664 1.4166666666666667 0.05 4.766666666666667 35.68333333333333 0.36666666666666664 0.55 176.94261781718956 61.460906725784305 1.8645076800294733 0.2179449471770336 15.066924776550207 60.029018445711365 1.12496913537908 0.9205976319760985 1.0 1.0 7.0 3.0 0.0 0.0 
107.81666666666666 37.666666666666664 1.1 0.0 5.366666666666666 32.68333333333333 0.26666666666666666 0.6166666666666667 134.8722224510625 44.82063017059095 1.6802777548171413 0.0 6.129074608418105 43.99374639903065 0.9285592184789412 1.0180318702716966 1.0 1.0 58.0 1.0 0.0 0.0 
124.91666666666667 43.3 1.05 0.0 6.8 37.0 0.3 0.55 161.59901935208504 52.79056102499133 1.7168284713389395 0.0 6.142203730475461 51.337121072378025 1.021436896402971 1.0396313449167132 1.0 1.0 38.0 1.0 0.0 0.0 
124.51666666666667 43.05 1.2333333333333334 0.0 5.95 37.6 0.3 0.6 162.62661648355376 53.22293521907011 1.819951159295826 0.0 5.849287705923403 51.618536722124674 1.0214368964029714 1.0832051206181277 1.0 1.0 18.0 1.0 0.0 0.0 
84.43333333333334 30.233333333333334 1.0833333333333333 0.0 4.283333333333333 26.266666666666666 0.3 0.65 142.42358965034163 51.86886242138814 1.5087706548342228 0.0 5.2443355685497055 51.36920824341714 1.0847426730181995 0.9456038635002855 1.0 1.0 47.0 1.0 0.0 0.0 
71.05 25.366666666666667 1.0166666666666666 0.0 4.083333333333333 21.65 0.3 0.55 142.64412886621025 51.92974955542234 1.4887541398393793 0.0 5.407684860969206 51.2089917234594 1.0847426730182 0.8836477427874376 1.0 1.0 27.0 1.0 0.0 0.0 
104.2 29.933333333333334 7.416666666666667 0.0 5.15 31.516666666666666 0.36666666666666664 0.43333333333333335 224.9244910334725 63.71469392708579 32.44446109208097 0.0 6.6403438665980765 74.38917745359352 1.0640593133008251 0.7608474807008886 1.0 1.0 7.0 1.0 0.0 0.0 
250.13333333333333 66.98333333333333 16.8 0.0 47.15 35.96666666666667 0.8 0.4166666666666667 607.3104770671716 179.21481446080907 60.1937981301507 0.0 175.64631365331866 86.81109120127194 2.5612496949731396 0.7808471183414986 1.0 1.0 49.0 1.0 0.0 0.0 
306.93333333333334 85.51666666666667 17.05 0.0 49.31666666666667 52.56666666666667 0.9333333333333333 0.4666666666666667 607.3822208644423 180.85283996172754 60.13136314215185 0.0 175.1909902236857 95.92208064650994 2.644911256650318 0.8459051693633011 1.0 1.0 29.0 1.0 0.0 0.0 
267.6333333333333 78.93333333333334 10.866666666666667 0.0 49.483333333333334 39.68333333333333 0.9666666666666667 0.5 595.981178860168 179.3990771684428 51.82324660698992 0.0 175.12666765008186 83.34976338032133 2.695469449939207 0.9574271077563381 1.0 1.0 9.0 1.0 0.0 0.0 
42.733333333333334 14.833333333333334 1.1833333333333333 0.0 6.366666666666666 9.033333333333333 0.4 0.43333333333333335 91.8839606363495 28.720008511295568 1.4547813886934653 0.0 9.047958640243419 27.155703309290708 1.213809430402208 0.6420453428086076 2.0 2.0 27.0 1.0 1058.0 0.0 
37.78333333333333 12.783333333333333 1.2 0.0 4.416666666666667 8.866666666666667 0.3333333333333333 0.4 74.54173141416975 24.889818311019376 1.388044187577134 0.0 8.538719003587259 23.341998391073734 1.17851130197758 0.6377042156569663 2.0 2.0 17.0 1.0 338.0 0.0 
32.5 11.033333333333333 1.0333333333333334 0.0 3.2 8.183333333333334 0.26666666666666666 0.38333333333333336 73.69588410035755 24.60553234990503 1.3780017739062924 0.0 7.291090453423271 23.304142454841703 1.1382247385975903 0.6348665651580304 5.0 5.0 10.6 1.0 101.3 0.0 
29.883333333333333 10.15 1.05 0.0 1.6666666666666667 8.8 0.16666666666666666 0.5166666666666667 71.78929624641515 23.932422220354837 1.3714347718113808 0.0 2.2110831935702664 23.351516724472805 0.7564537145273481 0.7186020379103365 4.0 4.0 11.0 1.0 82.66666666666667 0.0 
36.516666666666666 12.216666666666667 1.2666666666666666 0.0 4.016666666666667 8.6 0.2 0.5333333333333333 84.89336284748977 28.339072948061578 1.5477582354991863 0.0 13.572633822839576 23.771972292316566 0.7916228058025273 0.7845734863959881 4.0 4.0 6.0 1.0 22.666666666666668 0.0 
36.88333333333333 12.2 1.3 0.0 4.116666666666666 8.55 0.23333333333333334 0.5166666666666667 84.988840770748 28.407628083550613 1.5198684153570667 0.0 13.654171116874462 23.884740595897902 0.8239471396205519 0.8264717512144959 2.0 2.0 28.0 1.0 882.0 0.0 
38.43333333333333 12.966666666666667 1.1 0.0 5.55 7.766666666666667 0.13333333333333333 0.38333333333333336 84.63458053433139 28.288376097298734 1.3625955623979793 0.0 13.879751438696585 23.85677169181855 0.6182412330330467 0.7323857514239942 2.0 2.0 28.0 1.0 162.0 0.0 
34.483333333333334 11.916666666666666 1.0 0.0 3.783333333333333 8.5 0.16666666666666666 0.4666666666666667 85.25324855328908 26.916099065222824 1.4142135623730951 0.0 4.708473449242571 26.109066113772304 0.7564537145273483 0.956846672960488 2.0 2.0 18.0 1.0 2.0 0.0 
