117.56666666666666 39.81666666666667 2.1166666666666667 0.0 11.55 29.116666666666667 0.6333333333333333 0.4166666666666667 322.69595424933493 110.00795299532766 3.028154920446149 0.0 22.46881171757866 108.24402857535478 1.8794207145347266 0.8019074482479605 3.0 3.0 15.666666666666666 1.0 230.33333333333334 0.0 
138.76666666666668 39.85 9.0 0.0 10.483333333333333 37.25 0.7 0.5833333333333334 336.52966024144473 109.99270051538272 31.936916987503142 0.0 18.046690986315344 111.50495131009504 2.0273134932713304 0.8998456657795394 2.0 2.0 14.0 1.0 2.0 0.0 
195.38333333333333 57.53333333333333 8.7 0.0 11.066666666666666 54.3 0.6333333333333333 0.55 484.27526923113567 153.42104013320846 31.958462624684152 0.0 18.599163661006074 155.2138632124506 1.471582670309607 0.8836477427874377 1.0 1.0 9.0 1.0 0.0 0.0 
126.16666666666667 34.11666666666667 8.3 0.016666666666666666 10.2 31.516666666666666 0.5 0.7 387.7903285138621 115.19260561723954 31.999114571083584 0.12801909579781018 18.857182539640796 118.29630758772184 1.4317821063276353 1.0214368964029712 1.0 1.0 49.0 1.0 0.0 0.0 
88.83333333333333 28.15 1.3 0.016666666666666666 5.6 22.983333333333334 0.3 0.55 373.8695033772552 114.62399763284012 1.4640127503998501 0.12801909579781023 12.172646932090545 114.85926049832557 0.9363047936792106 0.9205976319760987 2.0 2.0 27.0 1.0 8.0 0.0 
20.683333333333334 6.833333333333333 1.3833333333333333 0.03333333333333333 4.216666666666667 3.05 0.16666666666666666 0.6 33.6172037636816 11.120801330040123 1.8627190400654154 0.17950549357115 10.776659449425358 3.818485738265018 0.7564537145273482 0.9695359714832654 5.0 5.0 10.8 1.0 75.2 0.0 
34.53333333333333 7.933333333333334 5.25 0.016666666666666666 4.566666666666666 7.533333333333333 0.16666666666666666 0.4666666666666667 62.370256443988495 11.806589497206874 16.412012876751792 0.12801909579781023 11.026281734514532 16.417944112734972 0.6624868971450599 0.7630348761506393 5.0 5.0 8.2 1.0 25.7 0.0 
54.38333333333333 6.7 12.65 0.016666666666666666 2.8333333333333335 15.6 0.23333333333333334 0.4666666666666667 148.41373382840578 7.380831028188266 44.378232276646635 0.1280190957978103 4.977170101797028 44.97414071812082 0.8239471396205513 0.8055363982396376 5.0 5.0 10.4 1.0 137.3 0.0 
88.81666666666666 16.35 14.5 0.016666666666666666 12.383333333333333 17.5 0.4 0.43333333333333335 251.97615572818705 64.23961005485633 44.63313417929181 0.12801909579781012 63.76809329298017 45.30176596999283 1.3063945294843615 0.6920179830675567 2.0 2.0 17.5 1.0 312.5 0.0 
74.85 15.083333333333334 10.616666666666667 0.016666666666666666 12.216666666666667 12.6 0.3333333333333333 0.4166666666666667 249.3968607794947 64.22260548713014 42.40129387438813 0.1280190957978102 63.741690090203576 43.45848593773142 1.2736648783028537 0.6656241849238619 2.0 2.0 28.0 1.0 288.0 0.0 
49.85 14.683333333333334 3.1333333333333333 0.016666666666666666 12.033333333333333 4.85 0.3333333333333333 0.45 210.57617980198992 64.25145696575468 8.2410894641155 0.12801909579781026 63.7230901810499 9.323491835144171 1.2736648783028541 0.7170541588099654 3.0 3.0 18.0 1.3333333333333333 273.0 0.3333333333333333 
16.516666666666666 5.4 1.45 0.0 2.433333333333333 3.3333333333333335 0.16666666666666666 0.48333333333333334 13.905025070895134 5.141984052872975 1.5856123948388732 0.0 3.4658652919901876 3.3944398981602575 0.7564537145273481 0.8264717512144956 3.0 3.0 11.333333333333334 1.3333333333333333 26.333333333333336 0.3333333333333333 
14.466666666666667 4.483333333333333 1.5333333333333334 0.0 1.7666666666666666 3.05 0.16666666666666666 0.5166666666666667 13.882202835125108 5.11041963921642 1.6172679294277608 0.0 3.2112648944336915 3.437174226987435 0.7564537145273483 0.8264717512144962 4.0 4.0 11.75 1.25 158.91666666666666 0.25 
13.483333333333333 4.216666666666667 1.4666666666666666 0.0 1.3666666666666667 3.15 0.13333333333333333 0.4666666666666667 12.278017845817878 4.550061049651484 1.5648926125740665 0.0 2.228352655114436 3.7230140119711255 0.7180219742846001 0.7408703590297616 2.0 2.0 15.0 1.0 338.0 0.0 
12.883333333333333 3.9833333333333334 1.25 0.0 0.9833333333333333 3.35 0.16666666666666666 0.38333333333333336 10.859852157782301 3.985355135437187 1.3979151142564654 0.0 1.8393084449204156 3.5347088517537997 0.7564537145273481 0.6853628398317363 2.0 2.0 5.0 1.0 18.0 0.0 
14.05 4.516666666666667 1.2 0.0 1.15 3.8 0.2 0.4166666666666667 12.131810801909719 4.1170040347590415 1.5143755588800727 0.0 1.9649003367431468 3.6322628392413097 0.7916228058025273 0.7139483330201297 1.0 1.0 49.0 1.0 0.0 0.0 
17.433333333333334 5.533333333333333 1.3333333333333333 0.0 2.4166666666666665 3.6 0.23333333333333334 0.43333333333333335 22.040392212682807 7.738360435016078 1.4452988925785861 0.0 7.010210806784313 3.4554305086341994 0.8239471396205518 0.7156970184527967 1.0 1.0 29.0 1.0 0.0 0.0 
19.883333333333333 6.433333333333334 1.3 0.0 3.55 3.35 0.23333333333333334 0.45 30.428107437404353 10.477542120597219 1.6051998837112673 0.0 9.324564332986286 3.969991603685495 0.823947139620552 0.7621242243449118 5.0 5.0 9.2 1.2 158.2 0.2 
98.36666666666666 33.55 1.7 0.016666666666666666 30.5 3.8833333333333333 0.6666666666666666 0.5333333333333333 215.08370205315163 73.68274899866319 2.776688675382964 0.12801909579781018 74.23846711779548 4.575629889850018 2.674987019698517 0.9030811456096044 4.0 4.0 6.75 1.25 90.91666666666667 0.25 
104.58333333333333 35.766666666666666 1.6833333333333333 0.016666666666666666 32.65 3.95 0.6666666666666666 0.5833333333333334 220.78143729841867 75.58028108500847 2.807677965072838 0.12801909579781023 76.00127740154547 4.5476184243330415 2.6749870196985177 0.9711104754638146 4.0 4.0 1.75 1.25 0.9166666666666666 0.25 
254.6 84.73333333333333 1.0833333333333333 0.0 82.71666666666667 2.4166666666666665 0.23333333333333334 0.4166666666666667 616.4311586327652 202.78139844560584 1.3698134503971298 0.0 202.74812713205407 3.142672252858846 0.7386173268720111 0.7139483330201296 1.0 1.0 52.0 1.0 0.0 0.0 
251.95 81.46666666666667 4.6 0.016666666666666666 67.06666666666666 18.15 0.5 0.5 618.4508179044366 201.91330372766978 13.88668426947196 0.12801909579781018 200.92709014853008 52.236904259983355 1.4888474289418197 0.7852812659593165 1.0 1.0 32.0 1.0 0.0 0.0 
160.2 50.1 5.333333333333333 0.016666666666666666 31.8 22.75 0.5 0.5166666666666667 529.9029407982811 170.82522257168785 14.09688696919367 0.12801909579781023 166.4448657463886 55.17415608779168 1.5 0.9218037872683225 2.0 2.0 22.0 1.0 200.0 0.0 
76.18333333333334 22.683333333333334 5.45 0.016666666666666666 3.9833333333333334 23.15 0.5333333333333333 0.6333333333333333 171.4896004297507 48.531945378505284 14.065827384124967 0.12801909579781032 8.754982708276591 55.033573086495686 1.510702559149953 0.94809751022186 3.0 3.0 18.0 1.0 79.0 0.0 
187.98333333333332 59.36666666666667 5.333333333333333 0.0 13.183333333333334 50.68333333333333 1.6 0.6166666666666667 537.232677451979 170.59483840048878 12.473527523875873 0.0 53.12422287013294 149.9716074980713 4.733568069296846 0.9676718911329855 3.0 3.0 11.333333333333334 1.0 72.33333333333333 0.0 
