0.107 0.084 0.028 0.0 0.027 0.084 0.039 0.106 0.246 0.219 0.152 0.0 0.152 0.22 0.15 0.195 7.0 6.0 16.142857142857142 1.1666666666666667 94.80952380952381 0.16666666666666666 
0.06 0.03 0.036 0.0 0.035 0.03 0.031 0.104 0.212 0.156 0.175 0.0 0.175 0.156 0.143 0.195 6.0 5.0 19.0 1.2 81.2 0.2 
0.027 0.134 0.026 0.0 0.025 0.21 0.031 0.102 0.154 0.15 0.154 0.0 0.155 0.174 0.143 0.195 6.0 5.0 19.166666666666668 1.0 172.16666666666666 0.0 
0.034 0.189 0.033 0.0 0.032 0.207 0.028 0.1 0.173 0.166 0.174 0.0 0.174 0.175 0.14 0.184 5.0 4.0 23.2 1.0 227.2 0.0 
0.066 0.085 0.032 0.0 0.031 0.085 0.029 0.1 0.179 0.252 0.166 0.0 0.166 0.251 0.138 0.189 4.0 3.0 29.25 1.0 90.91666666666667 0.0 
0.066 0.085 0.032 0.008 0.031 0.085 0.027 0.114 0.179 0.252 0.166 0.091 0.166 0.252 0.128 0.213 5.0 4.0 23.2 1.0 262.2 0.0 
0.066 0.085 0.032 0.008 0.031 0.085 0.025 0.122 0.177 0.252 0.159 0.091 0.159 0.252 0.127 0.223 4.0 4.0 28.75 1.25 16.25 0.25 
0.066 0.085 0.032 0.008 0.031 0.085 0.027 0.142 0.177 0.252 0.159 0.091 0.159 0.252 0.128 0.25 6.0 5.0 19.0 1.2 144.4 0.2 
0.066 0.085 0.032 0.008 0.031 0.085 0.029 0.147 0.177 0.252 0.159 0.091 0.159 0.252 0.13 0.254 7.0 6.0 16.142857142857142 1.1666666666666667 121.80952380952381 0.16666666666666666 
0.066 0.085 0.031 0.008 0.031 0.085 0.04 0.131 0.176 0.252 0.156 0.091 0.156 0.252 0.141 0.224 7.0 6.0 16.142857142857142 1.1666666666666667 181.80952380952382 0.16666666666666666 
0.027 0.068 0.026 0.008 0.026 0.195 0.071 0.14 0.145 0.11 0.146 0.091 0.146 0.196 0.235 0.232 6.0 5.0 19.0 1.2 304.0 0.2 
0.035 0.066 0.034 0.0 0.034 0.191 0.071 0.14 0.168 0.111 0.168 0.0 0.168 0.197 0.235 0.237 5.0 4.0 23.0 1.25 760.0 0.25 
0.035 0.066 0.034 0.0 0.033 0.189 0.071 0.14 0.176 0.111 0.175 0.0 0.175 0.198 0.235 0.235 6.0 5.0 19.166666666666668 1.0 857.3666666666666 0.0 
0.027 0.065 0.026 0.0 0.026 0.19 0.071 0.129 0.153 0.112 0.155 0.0 0.155 0.208 0.235 0.224 5.0 4.0 23.2 1.0 1042.6999999999998 0.0 
0.035 0.062 0.034 0.0 0.034 0.179 0.058 0.117 0.174 0.11 0.176 0.0 0.176 0.19 0.216 0.216 3.0 2.0 39.333333333333336 1.0 1174.3333333333333 0.0 
0.032 0.124 0.032 0.0 0.031 0.171 0.05 0.104 0.165 0.155 0.167 0.0 0.167 0.188 0.208 0.193 3.0 2.0 39.333333333333336 1.0 1234.3333333333333 0.0 
0.042 0.158 0.042 0.0 0.041 0.158 0.042 0.122 0.182 0.178 0.185 0.0 0.185 0.175 0.189 0.231 3.0 2.0 39.333333333333336 1.0 2094.3333333333335 0.0 
0.036 0.048 0.034 0.0 0.036 0.154 0.021 0.128 0.161 0.126 0.163 0.0 0.163 0.165 0.101 0.224 3.0 2.0 39.333333333333336 1.0 3754.3333333333326 0.0 
0.036 0.051 0.033 0.0 0.035 0.161 0.025 0.142 0.158 0.126 0.158 0.0 0.158 0.173 0.105 0.238 1.0 0.0 120.0 0.0 0.0 0.0 
0.045 0.05 0.041 0.0 0.044 0.196 0.025 0.122 0.172 0.126 0.172 0.0 0.172 0.2 0.105 0.223 2.0 1.0 59.0 2.0 3698.0 0.0 
0.041 0.05 0.038 0.0 0.04 0.188 0.025 0.147 0.159 0.126 0.159 0.0 0.159 0.194 0.105 0.235 3.0 2.0 39.0 1.5 1417.0 0.5 
0.035 0.051 0.032 0.0 0.035 0.18 0.025 0.103 0.146 0.126 0.146 0.0 0.147 0.177 0.105 0.173 3.0 2.0 39.0 1.5 417.0 0.5 
0.034 0.056 0.03 0.0 0.033 0.192 0.026 0.102 0.15 0.129 0.151 0.0 0.151 0.189 0.106 0.175 5.0 4.0 23.0 1.25 233.5 0.25 
0.04 0.07 0.038 0.0 0.039 0.166 0.058 0.108 0.172 0.114 0.172 0.0 0.173 0.177 0.216 0.181 5.0 4.0 23.0 1.25 83.5 0.25 
0.034 0.061 0.033 0.0 0.033 0.162 0.05 0.103 0.161 0.104 0.162 0.0 0.162 0.17 0.198 0.177 6.0 5.0 19.0 1.2 308.8 0.2 
0.031 0.065 0.03 0.0 0.03 0.165 0.045 0.116 0.163 0.111 0.164 0.0 0.164 0.174 0.188 0.186 5.0 4.0 19.2 1.0 345.7 0.0 
0.027 0.068 0.026 0.0 0.026 0.171 0.056 0.115 0.153 0.123 0.153 0.0 0.153 0.179 0.209 0.197 4.0 3.0 19.25 1.0 340.9166666666667 0.0 
0.035 0.071 0.034 0.0 0.034 0.169 0.05 0.15 0.176 0.139 0.176 0.0 0.176 0.186 0.198 0.254 4.0 3.0 14.25 1.0 404.25 0.0 
0.027 0.173 0.026 0.0 0.025 0.159 0.038 0.167 0.156 0.192 0.156 0.0 0.156 0.184 0.173 0.247 2.0 1.0 19.5 1.0 612.5 0.0 
