18.366666666666667 5.833333333333333 1.3833333333333333 0.0 3.2 3.1333333333333333 0.2 0.38333333333333336 36.14967342714023 11.95709923945696 1.8716451468041577 0.0 11.67590110726648 3.8273866918419537 0.7916228058025273 0.6348665651580303 4.0 4.0 9.0 1.0 88.66666666666667 0.0 
17.366666666666667 5.6 1.3333333333333333 0.0 3.1 2.933333333333333 0.16666666666666666 0.45 35.6290923575415 11.743366922082725 2.046677524401167 0.0 11.671475199533827 2.9713446264088734 0.7564537145273482 0.6934214687571575 4.0 4.0 13.25 1.0 50.25 0.0 
12.266666666666667 3.6 1.6166666666666667 0.0 1.05 2.8833333333333333 0.13333333333333333 0.38333333333333336 11.819287438570717 3.9589560913621322 2.122040422695939 0.0 1.847746375092282 3.220205307464452 0.7180219742846002 0.6605973727535469 3.0 3.0 13.666666666666666 1.6666666666666667 74.33333333333334 1.3333333333333333 
215.85 70.61666666666666 1.4833333333333334 0.0 66.21666666666667 4.833333333333333 0.2 0.4666666666666667 1071.6514175949812 351.32668043985626 1.8662946057778658 0.0 350.32061941725453 10.188501143718616 0.7916228058025273 0.8259674462242576 4.0 4.0 12.5 1.5 135.0 1.0 
214.75 70.18333333333334 1.4333333333333333 0.0 66.13333333333334 4.466666666666667 0.2 0.4166666666666667 1071.8589090143037 351.41103623661115 1.605891929392787 0.0 350.3364319558495 10.278564534451734 0.7916228058025275 0.822428652765022 6.0 6.0 8.166666666666666 1.3333333333333333 108.16666666666669 0.6666666666666667 
214.38333333333333 70.41666666666667 1.1 0.0 66.36666666666666 4.5 0.23333333333333334 0.48333333333333334 1071.923024159022 351.3654930727007 1.4106735979665883 0.0 350.29439840733363 10.233116175763211 0.823947139620552 0.8463975950396406 8.0 7.0 6.5 1.0 26.285714285714285 0.0 
11.05 3.6666666666666665 1.0333333333333334 0.0 1.1833333333333333 2.816666666666667 0.16666666666666666 0.4166666666666667 10.936826169719744 4.0811218501235125 1.4019827229875392 0.0 2.1408072205491906 3.273589603002931 0.7564537145273483 0.7369230323144714 8.0 8.0 5.25 1.0 19.071428571428573 0.0 
12.966666666666667 4.3 1.2 0.0 1.3166666666666667 3.3833333333333333 0.26666666666666666 0.38333333333333336 12.889228922717688 4.7056703383612986 1.568438714135812 0.0 2.1173227329709468 4.1234761495073 0.9285592184789411 0.6853628398317361 4.0 4.0 6.5 1.0 30.333333333333332 0.0 
12.116666666666667 3.7333333333333334 1.3666666666666667 0.0 0.9833333333333333 3.033333333333333 0.16666666666666666 0.3333333333333333 11.724748279695484 4.323835745672533 1.5488346873985253 0.0 1.5109783438406903 3.98315899200064 0.7564537145273481 0.6497862896539306 5.0 5.0 9.0 1.2 148.5 0.2 
12.483333333333333 3.8666666666666667 1.4166666666666667 0.0 1.1 3.1333333333333333 0.23333333333333334 0.36666666666666664 12.442523413234504 4.451466674654046 1.6359672640028253 0.0 1.823001188516709 3.960078562632593 0.9012337223063841 0.7063206700139029 5.0 5.0 9.8 1.2 116.7 0.2 
11.616666666666667 3.433333333333333 1.5333333333333334 0.016666666666666666 1.0166666666666666 2.716666666666667 0.13333333333333333 0.35 11.04248110203902 3.720961643924263 1.8481221700838815 0.12801909579781018 1.8483476104047336 2.9837988463627303 0.7180219742846001 0.748888064622032 6.0 7.0 6.833333333333333 1.1428571428571428 68.16666666666667 0.14285714285714285 
17.15 5.466666666666667 1.3666666666666667 0.016666666666666666 3.183333333333333 2.6666666666666665 0.16666666666666666 0.4 39.36149768492048 12.836752791193813 1.7885437900395087 0.12801909579781023 12.799077657741158 3.1920038986330956 0.7564537145273483 0.7348469228349533 6.0 6.0 8.833333333333334 1.0 28.566666666666666 0.0 
16.733333333333334 5.283333333333333 1.4 0.016666666666666666 3.216666666666667 2.466666666666667 0.16666666666666666 0.4 39.59287253478277 12.930702051921054 1.8991226044325489 0.1280190957978103 12.794649489359033 3.373754914367999 0.7564537145273483 0.6879922480183431 4.0 5.0 8.5 1.0 33.666666666666664 0.0 
16.266666666666666 5.316666666666666 1.15 0.0 3.25 2.466666666666667 0.16666666666666666 0.4166666666666667 39.36278558345292 12.875676896985071 1.671576102565081 0.0 12.77709539240694 3.3786913969102828 0.7564537145273481 0.6400954789890505 6.0 6.0 7.5 1.0 96.3 0.0 
11.2 3.45 1.3833333333333333 0.0 1.1666666666666667 2.6166666666666667 0.13333333333333333 0.45 10.621989769655523 3.8315575597051046 1.742523712575783 0.0 1.854424139426817 3.189000191630948 0.7180219742846 0.7170541588099653 4.0 4.0 10.75 1.0 146.91666666666666 0.0 
14.066666666666666 4.316666666666666 1.65 0.0 1.2 3.55 0.16666666666666666 0.48333333333333334 15.681057220594395 5.557252518606256 1.8603315116756296 0.0 1.895608961081724 5.213524080056918 0.7564537145273482 0.7186020379103363 6.0 6.0 8.0 1.0 50.4 0.0 
36.18333333333333 12.3 2.4833333333333334 0.0 2.5 11.116666666666667 0.6666666666666666 0.8166666666666667 88.75537385921423 32.205744829145 3.892264408056346 0.0 5.681842424190707 31.977122898861445 2.211083193570267 1.8928960762692595 5.0 5.0 9.4 1.0 48.3 0.0 
58.4 20.0 3.15 0.03333333333333333 5.3 16.966666666666665 1.1666666666666667 1.0833333333333333 146.80681183105912 50.790090897076894 6.379197964216715 0.2560381915956203 15.974250112811765 43.562203290875395 3.4310672133058264 2.340168559930863 7.0 6.0 7.428571428571429 1.1666666666666667 23.952380952380953 0.16666666666666666 
57.53333333333333 19.816666666666666 2.966666666666667 0.03333333333333333 5.266666666666667 16.783333333333335 1.1666666666666667 1.0833333333333333 147.2371631831523 50.920032621967366 6.390009563547006 0.2560381915956204 15.997777623435356 43.67268088354041 3.431067213305827 2.3614378858841243 6.0 6.0 7.166666666666667 1.1666666666666667 16.966666666666665 0.16666666666666666 
36.75 12.366666666666667 2.1333333333333333 0.03333333333333333 3.9166666666666665 9.85 0.7 0.75 122.98016438976381 41.51584704128718 5.432822061834493 0.2560381915956205 15.3343749646197 31.870480071690174 2.8242993231360365 1.6494948721755194 7.0 7.0 6.0 1.1428571428571428 7.333333333333333 0.14285714285714285 
18.75 6.316666666666666 1.5166666666666666 0.0 2.1 4.816666666666666 0.3333333333333333 0.6833333333333333 28.539227389682434 10.402710651022113 1.6481471077816117 0.0 5.2747827759381085 9.344323886129425 0.977525219907679 1.0876835732673154 4.0 4.0 6.5 1.0 13.666666666666666 0.0 
18.366666666666667 6.15 1.5666666666666667 0.0 2.05 4.683333333333334 0.3333333333333333 0.6666666666666666 28.751212534817068 10.506862836578136 1.7641491496532327 0.0 5.232669809316594 9.571645046118713 0.9775252199076795 1.0903618155864083 4.0 5.0 10.5 1.0 188.33333333333334 0.0 
19.05 6.2 1.7166666666666666 0.03333333333333333 2.05 4.733333333333333 0.3333333333333333 0.6333333333333333 28.952504209480736 10.508409330943797 2.00907662593762 0.2560381915956203 5.207126526854011 9.57403897120866 0.9775252199076794 1.0796089827134434 5.0 5.0 10.4 1.0 59.300000000000004 0.0 
21.5 7.033333333333333 1.4833333333333334 0.03333333333333333 3.1 4.5 0.26666666666666666 0.48333333333333334 45.596966273353466 15.709834145810989 2.0533847396162495 0.2560381915956204 12.53089515291439 9.082033546146663 0.8537498983243794 0.8060534859562493 6.0 6.0 7.5 1.0 33.9 0.0 
23.883333333333333 7.933333333333334 1.4833333333333334 0.03333333333333333 3.25 5.316666666666666 0.3 0.5333333333333333 47.337473410490446 16.445735685040734 1.9016805433323685 0.2560381915956205 12.524143350611515 10.410718301613754 0.8812869377601525 0.8844332774281064 4.0 4.0 6.75 1.0 20.25 0.0 
23.966666666666665 8.183333333333334 1.3333333333333333 0.0 3.5833333333333335 5.283333333333333 0.3 0.6333333333333333 48.02706412939364 16.83497516745685 1.5456030825826172 0.0 12.839122071059045 10.33294354103526 0.8812869377601529 0.9826268648655786 3.0 3.0 14.666666666666666 1.0 160.33333333333331 0.0 
19.716666666666665 6.533333333333333 1.6333333333333333 0.0 1.8 5.466666666666667 0.3333333333333333 0.6166666666666667 31.70178316050306 11.721016262347824 1.5702087617751832 0.0 3.771825375950836 10.729191747543505 0.9775252199076796 0.9676718911329856 3.0 3.0 12.666666666666666 1.0 56.333333333333336 0.0 
17.9 5.833333333333333 1.6333333333333333 0.0 1.5666666666666667 4.916666666666667 0.26666666666666666 0.5666666666666667 28.746420066969502 10.532753148578431 1.7413277182145304 0.0 3.6210802562525775 9.566071410052418 0.8537498983243793 0.8439325934114771 3.0 4.0 16.666666666666668 1.25 192.33333333333334 0.25 
