142.91666666666666 49.46666666666667 1.6666666666666667 0.03333333333333333 33.666666666666664 16.816666666666666 0.6666666666666666 0.8 339.630254427108 112.2295960173707 1.8856180831641267 0.17950549357115 56.824779414930916 69.2207800366977 1.410279720087078 1.2884098726725128 2.0 2.0 13.0 1.0 242.0 0.0 
103.55 35.8 1.3166666666666667 0.016666666666666666 19.2 17.266666666666666 0.3 0.8666666666666667 335.4298448756958 110.59562981118793 1.6481471077816117 0.12801909579781018 49.53039470870388 69.2952299143952 0.9539392014169464 1.2840906856172152 2.0 2.0 25.0 1.0 648.0 0.0 
77.06666666666666 27.4 1.4833333333333334 0.016666666666666666 11.183333333333334 16.783333333333335 0.23333333333333334 0.8833333333333333 227.45262266141395 76.55525237804828 1.6782100252617047 0.12801909579781023 10.577478695585047 76.33000538597008 0.8239471396205517 1.317721096776131 1.0 1.0 31.0 1.0 0.0 0.0 
82.53333333333333 28.766666666666666 1.5 0.016666666666666666 9.35 19.933333333333334 0.23333333333333334 0.7333333333333333 254.07941453193112 85.224676916698 1.6980380835933373 0.1280190957978103 9.78404313154843 84.45686604546856 0.8239471396205519 1.1382247385975912 2.0 2.0 26.5 1.0 480.5 0.0 
78.48333333333333 27.1 1.55 0.0 7.966666666666667 19.55 0.16666666666666666 0.5166666666666667 254.5961829817738 85.48405309373982 1.5102428060856086 0.0 9.602025249336146 84.49170077587505 0.6624868971450599 1.0081611423224413 2.0 2.0 28.5 1.0 60.5 0.0 
103.21666666666667 35.583333333333336 1.55 0.0 9.166666666666666 27.1 0.36666666666666664 0.65 291.16433456421515 96.7099256654777 1.9185497995447849 0.0 11.674997025933477 95.28898152462331 1.4372040758206726 1.2359207094308275 2.0 2.0 18.5 1.0 40.5 0.0 
86.78333333333333 29.966666666666665 1.5333333333333334 0.0 9.633333333333333 21.083333333333332 0.4 0.6333333333333333 267.10722514043346 88.71395355610952 2.077391526784384 0.0 14.914161800859686 87.00580280775657 1.4514360704718154 1.168569876197206 2.0 2.0 20.5 1.0 12.5 0.0 
91.11666666666666 31.333333333333332 1.8833333333333333 0.0 10.683333333333334 21.85 0.5333333333333333 0.7166666666666667 266.6732764805819 88.48138536186893 3.706263467279261 0.0 15.440737964517396 86.93864215640819 1.5434449203720302 1.1845064607487614 2.0 2.0 26.5 1.0 40.5 0.0 
38.53333333333333 13.3 2.0166666666666666 0.0 8.366666666666667 6.133333333333334 0.4666666666666667 0.7333333333333333 46.88584244974407 15.655989269286056 3.635435171872672 0.0 13.820234762437607 10.188991881219433 1.1025223605694154 1.078064108586415 2.0 2.0 16.5 1.0 420.5 0.0 
35.266666666666666 12.4 2.05 0.0 7.133333333333334 6.383333333333334 0.43333333333333335 0.95 36.01197331752625 12.810412431559985 3.593628621138621 0.0 9.543700656570401 10.152325951338552 1.0857664983268216 1.8204852832875817 3.0 3.0 15.333333333333334 1.0 170.33333333333334 0.0 
31.133333333333333 10.716666666666667 2.066666666666667 0.0 3.9833333333333334 7.533333333333333 0.36666666666666664 1.0 38.90049985397217 14.328400313906487 2.096558025802185 0.0 5.640601819743075 13.093849277003645 0.9826268648655792 1.816590212458495 3.0 3.0 18.333333333333332 1.0 180.33333333333334 0.0 
170.48333333333332 55.21666666666667 1.9833333333333334 0.016666666666666666 3.4166666666666665 52.46666666666667 0.3 0.85 832.8724090292715 265.4794462644686 2.0452519540524956 0.12801909579781012 5.216293916395261 265.0197770397942 0.8812869377601528 1.7303660499058187 4.0 4.0 9.5 1.0 152.33333333333334 0.0 
167.35 53.9 1.8833333333333333 0.016666666666666666 2.4 52.166666666666664 0.3 0.5666666666666667 833.4061199879283 265.68770514772905 2.0007637430630227 0.1280190957978102 3.401960219246152 265.07792355372703 0.8812869377601525 0.8825468196582478 4.0 4.0 13.5 1.0 179.66666666666666 0.0 
161.88333333333333 52.333333333333336 1.3833333333333333 0.016666666666666666 2.3833333333333333 50.483333333333334 0.23333333333333334 0.5 833.931014166573 265.79808543746543 1.7329326459950944 0.12801909579781026 3.2868002001271015 265.2059257549793 0.8239471396205515 0.7637626158259734 4.0 4.0 13.5 1.0 201.0 0.0 
19.85 6.95 1.3666666666666667 0.0 2.5 4.966666666666667 0.23333333333333334 0.5 27.046148832443166 9.783361726250677 1.4715826703096073 0.0 3.2429410519876347 9.373662867607065 0.8239471396205518 0.806225774829855 3.0 3.0 11.666666666666666 1.0 65.33333333333333 0.0 
28.4 9.816666666666666 1.6333333333333333 0.0 4.983333333333333 5.533333333333333 0.3 0.7 47.30264263230968 15.964013349475195 1.9145640641032509 0.0 13.758017864342072 9.608098435983864 1.0214368964029712 0.9183318209303941 1.0 1.0 17.0 1.0 0.0 0.0 
31.383333333333333 10.8 1.7666666666666666 0.0 5.716666666666667 5.933333333333334 0.43333333333333335 0.7833333333333333 48.42178974616925 16.470984589068543 2.076589083623002 0.0 14.491482172488622 9.502397358327821 1.1599808427536875 1.0502645169458769 1.0 1.0 48.0 1.0 0.0 0.0 
22.383333333333333 7.716666666666667 1.55 0.0 3.2333333333333334 5.166666666666667 0.36666666666666664 0.6 28.70661460747718 10.518383378109434 1.6675830813885506 0.0 5.987115796070388 8.720028032574715 0.9994442900376642 1.0033277962194938 3.0 3.0 16.333333333333332 1.3333333333333333 104.33333333333333 0.3333333333333333 
19.45 6.85 1.2166666666666666 0.0 2.5166666666666666 4.883333333333334 0.26666666666666666 0.6333333333333333 28.342209393999852 10.287249389414063 1.4152934520994416 0.0 4.951402719319942 8.729436153358105 0.8537498983243793 1.0322575044801352 6.0 6.0 8.5 1.3333333333333333 21.9 0.26666666666666666 
18.966666666666665 6.4 1.45 0.0 2.066666666666667 4.866666666666666 0.26666666666666666 0.5333333333333333 26.75441811904884 9.612838637294745 1.532155344604456 0.0 3.4003267816817577 8.88531872747899 0.8537498983243798 0.9030811456096044 5.0 5.0 6.4 1.4 32.8 0.3 
25.733333333333334 8.7 1.7 0.0 2.1333333333333333 7.3 0.36666666666666664 0.5833333333333334 35.000888877601696 12.617844506887854 1.7156145643277023 0.0 3.227313984655902 12.38049541281231 0.9122621455602673 0.9711104754638147 4.0 4.0 9.5 1.25 87.0 0.25 
26.916666666666668 8.883333333333333 2.0166666666666666 0.0 2.216666666666667 7.4 0.36666666666666664 0.5666666666666667 36.00106094115685 13.163195745039356 1.678210025261703 0.0 3.3371228459391302 12.64937416106689 0.9122621455602677 0.8825468196582479 1.0 1.0 22.0 1.0 0.0 0.0 
31.733333333333334 10.733333333333333 1.7666666666666666 0.0 4.466666666666667 7.033333333333333 0.36666666666666664 0.5833333333333334 51.64231684276849 17.955376786788836 1.6868774571839988 0.0 13.538176473300316 12.573738063475355 0.9122621455602675 0.9181805680559549 2.0 2.0 20.0 1.5 648.0 0.5 
24.016666666666666 8.166666666666666 1.3666666666666667 0.0 4.066666666666666 4.566666666666666 0.2 0.5333333333333333 48.2391582522839 16.7483000795769 1.4372040758206723 0.0 13.548513653616112 9.90179557229675 0.702376916856849 0.8844332774281066 1.0 1.0 21.0 2.0 0.0 0.0 
53.31666666666667 18.166666666666668 1.35 0.016666666666666666 4.366666666666666 14.566666666666666 0.36666666666666664 0.5833333333333334 192.92377524700152 65.62346294496268 1.7872231720371876 0.12801909579781015 13.552326573528097 64.81315881482368 0.9994442900376638 0.9537935951883 2.0 2.0 25.0 1.5 1152.0 0.5 
77.2 25.866666666666667 1.8166666666666667 0.016666666666666666 2.0166666666666666 24.716666666666665 0.4 0.5 273.1775857081495 92.23637508536905 2.109436470297748 0.1280190957978102 2.9296852314806046 92.40149559876664 1.0198039027185561 0.9036961141150639 1.0 1.0 32.0 1.0 0.0 0.0 
103.25 34.55 1.95 0.016666666666666666 2.0 33.333333333333336 0.36666666666666664 0.48333333333333334 320.3812637572095 106.38693920464738 2.2242976419535228 0.12801909579781026 2.9211869733608857 106.53820389366855 0.9994442900376643 0.8060534859562491 1.0 1.0 12.0 1.0 0.0 0.0 
