208.03333333333333 68.06666666666666 2.7333333333333334 0.03333333333333333 9.8 60.11666666666667 1.2 1.3166666666666667 815.4676974323114 260.1465527138287 5.531324936717747 0.17950549357115003 27.879383063475423 258.3311241841027 3.5814336049502145 4.205122537519631 5.0 6.0 8.8 1.0 71.2 0.0 
186.91666666666666 61.06666666666667 1.8333333333333333 0.0 7.183333333333334 54.85 0.7333333333333333 1.2 808.6023804826591 257.55885195858116 2.51108652888656 0.0 19.09580378570702 257.38899387243936 2.581128091014123 3.867815921162745 2.0 2.0 14.0 1.0 162.0 0.0 
20.266666666666666 6.916666666666667 1.75 0.0 2.8666666666666667 4.75 0.3 0.7333333333333333 24.467574915022166 9.020886258505252 2.094636006565341 0.0 3.9305074594623126 7.942764002537152 0.9539392014169467 0.9809292646374772 2.0 2.0 22.0 1.5 338.0 0.5 
16.433333333333334 5.716666666666667 1.3333333333333333 0.0 2.45 3.75 0.2 0.5666666666666667 18.112948100430504 6.743124069911679 1.86785676348292 0.0 3.7032643257897053 5.055112923235906 0.7916228058025273 0.8634555897992408 2.0 2.0 26.5 1.5 4.5 0.5 
17.983333333333334 6.016666666666667 1.5333333333333334 0.03333333333333333 3.0 3.6333333333333333 0.3 0.48333333333333334 24.24217514076564 8.52348064010368 2.0286832072937253 0.2560381915956203 7.211102550927978 4.919236616477078 1.084742673018199 0.846397595039641 3.0 3.0 12.333333333333334 1.3333333333333333 184.33333333333334 0.3333333333333333 
19.8 6.816666666666666 1.15 0.03333333333333333 4.183333333333334 3.05 0.2 0.5166666666666667 36.133456334353994 12.067161592060039 1.6002603954773524 0.2560381915956204 11.59380821339084 3.787809393303734 0.9451631252505215 0.8463975950396417 4.0 4.0 13.75 1.0 124.91666666666667 0.0 
21.416666666666668 7.216666666666667 1.5333333333333334 0.03333333333333333 4.616666666666666 3.1333333333333333 0.26666666666666666 0.5666666666666667 36.71207415672517 12.384252994114023 1.8208667044996882 0.2560381915956205 11.751725641604958 3.9516522564056107 1.0624918300339476 0.8439325934114769 3.0 4.0 12.333333333333334 1.0 217.33333333333331 0.0 
17.633333333333333 5.8 1.3833333333333333 0.0 3.0833333333333335 3.033333333333333 0.13333333333333333 0.43333333333333335 31.9238503664928 10.665833300778704 1.7897082319628406 0.0 9.760962498078188 3.9453207164380886 0.6182412330330467 0.6920179830675567 5.0 5.0 7.8 1.2 52.699999999999996 0.2 
41.21666666666667 13.466666666666667 1.7333333333333334 0.0 1.9833333333333334 11.883333333333333 0.2 0.4 145.18701636930976 48.577246617000526 2.040152499746581 0.0 3.3689348794867238 48.830691054795544 0.8524474568362944 0.6633249580710799 4.0 5.0 11.25 1.2 81.58333333333333 0.2 
70.73333333333333 23.183333333333334 1.9 0.0 1.9333333333333333 21.916666666666668 0.3333333333333333 0.4 219.6792257411297 70.15660854276115 2.2412793965352327 0.0 3.1351058816073305 70.4502878316019 1.0903618155864085 0.7348469228349536 3.0 4.0 8.666666666666666 1.25 82.33333333333333 0.25 
72.08333333333333 23.716666666666665 1.9 0.0 1.9 22.416666666666668 0.3 0.4166666666666667 219.40018927875965 70.03096735651228 2.0952326839756967 0.0 3.1128764832546754 70.34777695295155 1.0692676621563635 0.7369230323144714 2.0 2.0 4.5 1.0 0.5 0.0 
70.3 23.15 1.7 0.0 1.95 21.8 0.26666666666666666 0.45 252.88451250850989 80.44911953112559 2.1158134763411125 0.0 2.9576172842340505 80.6605645074882 0.9977753031397165 0.8450838222724814 1.0 1.0 58.0 1.0 0.0 0.0 
66.63333333333334 22.05 1.4166666666666667 0.0 1.7333333333333334 20.65 0.13333333333333333 0.4666666666666667 246.9846126561104 81.91487960071726 1.828402459951189 0.0 2.2350739485653612 81.91740250602024 0.7180219742846002 0.8259674462242576 1.0 1.0 38.0 1.0 0.0 0.0 
64.31666666666666 21.416666666666668 1.2166666666666666 0.0 1.9166666666666667 19.833333333333332 0.13333333333333333 0.5333333333333333 247.37889236733378 82.01834991160345 1.9069317997476707 0.0 2.437838295612642 82.04961236281919 0.7180219742846 0.8844332774281067 3.0 3.0 16.0 1.0 84.0 0.0 
377.1666666666667 124.06666666666666 1.5833333333333333 0.0 71.41666666666667 53.25 0.3333333333333333 0.6166666666666667 1344.089867613852 439.9656754288402 1.8734252646482121 0.0 369.69804307780095 216.37749613426377 0.9775252199076788 0.950292352676562 4.0 3.0 14.0 1.0 48.666666666666664 0.0 
379.51666666666665 125.1 1.5666666666666667 0.0 71.7 54.11666666666667 0.4 0.5333333333333333 1349.6192486730802 441.74312671506283 1.838175423861632 0.0 369.64849519509744 220.46610409665143 1.0198039027185564 0.9392668535736917 6.0 6.0 7.333333333333333 1.0 25.46666666666667 0.0 
389.6 128.76666666666668 1.9 0.0 73.03333333333333 56.81666666666667 0.6 0.85 1347.3116961812013 440.93001586293593 1.823001188516709 0.0 369.4379950982604 220.11599151861319 1.2274635093014643 1.8332575741922716 5.0 5.0 10.4 1.0 92.3 0.0 
56.28333333333333 19.383333333333333 1.5 0.0 5.05 15.15 0.43333333333333335 0.7833333333333333 209.2519288375193 70.38681023853515 1.7559422921421233 0.0 12.934997745135743 69.90727787576914 1.1010096376609166 1.7803713719958048 4.0 4.0 10.0 1.0 117.33333333333333 0.0 
28.366666666666667 9.8 1.6166666666666667 0.0 4.8 5.7 0.36666666666666664 0.8 49.25138463930623 17.275030149515416 1.9501424449397426 0.0 12.918720266858232 11.569067954391715 1.0640593133008254 1.8055470085267764 2.0 2.0 11.0 1.0 50.0 0.0 
38.86666666666667 13.416666666666666 1.6833333333333333 0.0 6.016666666666667 8.15 0.5333333333333333 0.5333333333333333 73.6137366408079 25.065442124345 2.7838322906062825 0.0 14.649791428170195 18.317409751381334 2.2171052197754517 0.8844332774281065 2.0 2.0 22.5 1.0 760.5 0.0 
52.05 18.116666666666667 2.033333333333333 0.0 6.216666666666667 12.75 0.6333333333333333 0.5166666666666667 95.42421513082165 33.52565767024149 2.768673970614012 0.0 14.569479133525062 25.000416663194503 2.2654408450061596 0.8463975950396415 2.0 2.0 22.0 1.0 32.0 0.0 
50.25 17.6 1.7666666666666666 0.0 5.95 12.483333333333333 0.6333333333333333 0.5166666666666667 96.07317089940702 33.6888705658115 2.7225396640310366 0.0 14.62580482115999 25.07355291049826 2.265440845006159 0.7414325473178407 3.0 3.0 12.666666666666666 1.0 37.333333333333336 0.0 
30.3 10.533333333333333 1.3666666666666667 0.0 3.3666666666666667 7.616666666666666 0.26666666666666666 0.4666666666666667 75.02450710712246 26.662374654599365 1.662995957768856 0.0 11.808142200288 18.63785723258503 0.9285592184789401 0.740870359029762 3.0 3.0 12.666666666666666 1.0 50.333333333333336 0.0 
12.033333333333333 4.316666666666666 0.9333333333333333 0.0 1.4 3.216666666666667 0.13333333333333333 0.6166666666666667 11.325438426637422 4.713426448868052 1.5040685563571294 0.0 2.3036203390894663 3.411215163089085 0.7180219742846001 1.0815369721938413 4.0 5.0 13.25 1.2 109.58333333333333 0.2 
11.716666666666667 4.183333333333334 0.9333333333333333 0.0 1.3666666666666667 3.033333333333333 0.06666666666666667 0.5833333333333334 10.434065469519645 4.670801739411434 1.481740718059524 0.0 2.057236549894596 3.4057141525513983 0.5120763831912408 1.0691377626646412 4.0 5.0 11.25 1.2 94.91666666666667 0.2 
11.4 3.933333333333333 1.05 0.0 1.2666666666666666 2.966666666666667 0.13333333333333333 0.6 11.71779273868021 4.574810257146069 1.8113070786957504 0.0 2.0154955277107978 3.5164691887681263 0.7180219742846 1.0198039027185564 6.0 6.0 8.333333333333334 1.1666666666666667 18.266666666666666 0.16666666666666666 
11.75 3.6166666666666667 1.4166666666666667 0.016666666666666666 1.2666666666666666 2.683333333333333 0.13333333333333333 0.4 12.00919786385974 4.270408515457143 1.926063919557766 0.12801909579781015 2.056426242024958 3.363984079761509 0.7180219742846002 0.6879922480183431 4.0 4.0 10.5 1.25 9.666666666666666 0.25 
11.416666666666666 3.5833333333333335 1.3 0.016666666666666666 1.2 2.7 0.13333333333333333 0.43333333333333335 11.946117453893638 4.160495429900413 1.8193405398660254 0.1280190957978102 2.031419864692345 3.267516896156264 0.7180219742846 0.6920179830675566 3.0 4.0 16.666666666666668 1.25 92.33333333333333 0.25 
