42.483333333333334 14.266666666666667 3.1166666666666667 0.03333333333333333 3.65 11.75 0.43333333333333335 1.35 81.79272413987825 32.19568639153733 3.7242075965528865 0.2560381915956205 16.176964074469183 19.743880908608958 1.101009637660916 7.037577708274351 3.0 3.0 10.333333333333334 1.0 208.33333333333331 0.0 
112.55 38.266666666666666 5.166666666666667 0.0 5.883333333333334 35.53333333333333 0.5 1.3833333333333333 245.07885975742582 94.42949162676292 8.587135080391416 0.0 18.726177458900214 91.87663226063283 1.1902380714238083 7.026359101428154 2.0 2.0 6.0 1.0 32.0 0.0 
206.15 68.71666666666667 3.2 0.03333333333333333 47.1 22.516666666666666 0.6 0.9833333333333333 726.0778843668678 239.48828027460732 3.957271787481877 0.2560381915956206 234.18565996519376 51.44009190850611 1.7530925056406303 1.2713728363029042 2.0 2.0 23.5 1.5 760.5 0.5 
28.95 9.183333333333334 2.9 0.0 2.1666666666666665 7.466666666666667 0.36666666666666664 0.85 35.18542548650885 12.48397862150613 2.5993588953175872 0.0 3.954603505901558 10.550618728565425 0.8158158833680287 1.2887332281482196 3.0 3.0 16.666666666666668 1.3333333333333333 120.33333333333333 0.3333333333333333 
21.366666666666667 6.133333333333334 3.033333333333333 0.0 1.35 5.283333333333333 0.3 0.6166666666666667 28.873844373219313 9.96404647832507 2.8865588894429695 0.0 2.204729764241716 9.252191932485815 0.8426149773176363 1.1268195162590244 4.0 4.0 10.0 1.25 84.66666666666667 0.25 
20.283333333333335 5.8 2.933333333333333 0.03333333333333333 1.3 5.016666666666667 0.2833333333333333 0.65 28.309651868027075 9.617345441094093 2.920426148507934 0.25603819159562025 2.2531459488161585 8.926536593525817 0.8384840818736844 1.107925990308017 2.0 2.0 11.5 1.0 4.5 0.0 
18.4 5.266666666666667 2.6166666666666667 0.03333333333333333 1.0833333333333333 4.7 0.25 0.65 28.35795009046552 9.672756702317196 2.921709925521164 0.2560381915956204 1.9773017529507795 9.476813810558905 0.82915619758885 1.166547612973141 3.0 3.0 17.333333333333332 1.0 358.3333333333333 0.0 
30.05 9.533333333333333 2.533333333333333 0.03333333333333333 3.1333333333333333 7.2 0.36666666666666664 0.7 47.92821889729125 16.181745545178025 2.7231517687333464 0.2560381915956205 11.935195385450921 11.930074042799008 0.9303523824635245 1.3940349110884322 2.0 2.0 16.5 1.0 112.5 0.0 
39.483333333333334 13.016666666666667 2.6 0.0 3.433333333333333 10.466666666666667 0.43333333333333335 0.6 49.32054732957541 16.965152191739662 2.739829678404602 0.0 11.986612903105229 13.220522766601261 0.9723968097209876 1.3928388277184116 3.0 3.0 17.333333333333332 1.0 358.3333333333333 0.0 
39.25 12.883333333333333 2.65 0.0 3.45 10.3 0.43333333333333335 0.6333333333333333 49.1821868159601 16.75320035760995 2.8508770580296865 0.0 11.981130998365726 12.932259405584677 0.9723968097209874 1.251221625274896 2.0 2.0 21.5 1.0 312.5 0.0 
26.35 8.233333333333333 2.533333333333333 0.0 1.3166666666666667 7.533333333333333 0.3 0.55 33.100767866219265 11.669571067048217 2.77168220079832 0.0 2.4731334151009494 11.219724694582396 0.8812869377601528 0.864580823289529 4.0 3.0 14.0 1.0 16.666666666666668 0.0 
55.3 18.133333333333333 3.35 0.05 3.95 15.683333333333334 0.7666666666666667 1.0166666666666666 193.89802302585073 67.47257879234267 4.898384087295184 0.2843120351538663 14.383352645796228 57.993819115105325 2.4790231050870735 2.061485440701006 4.0 4.0 10.0 1.5 60.666666666666664 1.0 
57.4 18.966666666666665 3.35 0.06666666666666667 4.066666666666666 16.466666666666665 0.8 1.05 193.6259452311768 67.4163597026386 4.8333045976157285 0.30912061651652334 14.37227268813886 57.967366298250546 2.4819347291981706 2.0690174801903756 3.0 3.0 7.0 1.6666666666666667 37.0 1.3333333333333333 
75.81666666666666 25.566666666666666 4.1 0.1 4.9 23.133333333333333 1.2666666666666666 1.4666666666666666 211.46831848346037 73.83480811168192 6.50051280028481 0.3511884584284245 14.864611218147166 65.5422170987694 3.244824939636787 2.9914693528246104 2.0 2.0 20.5 2.0 612.5 2.0 
60.18333333333333 20.016666666666666 4.083333333333333 0.05 4.983333333333333 17.45 1.2 1.2833333333333334 166.9885716315807 57.515357852393564 7.4795090450881565 0.21794494717703355 21.466634316745814 46.610236715411205 3.5251477510406097 2.80530251884217 4.0 4.0 12.75 1.0 106.25 0.0 
68.48333333333333 22.766666666666666 4.333333333333333 0.03333333333333333 7.866666666666666 17.55 1.3333333333333333 1.4166666666666667 168.89232187665868 58.091412637516605 7.617231926508621 0.17950549357115 24.51833780844225 46.530787299020275 3.590109871423005 2.836028130247575 4.0 4.0 7.75 1.0 56.25 0.0 
49.1 15.95 3.35 0.0 6.766666666666667 10.8 0.8 0.9166666666666666 145.20935461142534 49.38097643155039 6.225819892458611 0.0 24.36142214421991 34.07090645501915 2.902872140943631 1.8008485654145259 3.0 3.0 4.0 1.0 0.0 0.0 
22.316666666666666 7.05 2.2333333333333334 0.05 1.35 6.533333333333333 0.4 0.6833333333333333 43.26295245999233 15.127706369440157 3.0296681153038674 0.28431203515386677 2.5418169354486033 15.285577806837695 1.1999999999999988 1.176033824154542 1.0 1.0 54.0 1.0 0.0 0.0 
30.25 9.716666666666667 2.15 0.0 1.2 9.35 0.43333333333333335 0.6166666666666667 81.18345993283772 27.35512850555734 2.358141923916653 0.0 2.055885859347903 27.15131979603693 1.038695763392192 1.0968388922515262 2.0 2.0 21.5 1.0 312.5 0.0 
33.15 10.5 2.5833333333333335 0.0 1.2666666666666666 10.166666666666666 0.4666666666666667 0.6166666666666667 84.04479460383017 28.663274993156893 2.511916046013923 0.0 2.5551690528982403 28.390824026239347 1.2710450643291744 1.212321006261222 3.0 3.0 14.0 1.0 25.0 0.0 
33.583333333333336 10.516666666666667 2.783333333333333 0.0 1.3 10.15 0.4666666666666667 0.65 83.95182977292524 28.64058406449762 2.6082667723136677 0.0 2.5514701644346145 28.382403586259816 1.271045064329175 1.2223611032205937 3.0 3.0 17.333333333333332 1.0 158.33333333333334 0.0 
