9.116666666666667 2.8666666666666667 0.9 0.0 0.5833333333333334 2.433333333333333 0.03333333333333333 0.3333333333333333 14.041713649773031 5.028143019268868 1.5885003409925142 0.0 1.4639178786925011 4.855809807734326 0.2560381915956203 0.9249624617007752 9.0 9.0 4.111111111111111 2.111111111111111 5.611111111111111 2.611111111111111 
8.75 2.7 0.8 0.016666666666666666 0.3 2.5166666666666666 0.06666666666666667 0.2 14.681763063973845 5.190696806145908 1.514375558880073 0.12801909579781015 1.0692676621563637 5.213737196633101 0.30912061651652334 0.5999999999999998 9.0 9.0 3.7777777777777777 2.111111111111111 4.694444444444445 2.611111111111111 
14.816666666666666 4.5 1.1833333333333333 0.016666666666666666 0.6333333333333333 4.216666666666667 0.2 0.36666666666666664 43.35377402513214 13.206690223771687 2.8372032394987534 0.12801909579781023 2.5031091777139 13.231391545193658 0.8524474568362947 0.855699843532896 8.0 8.0 5.625 1.75 12.839285714285714 0.7857142857142857 
13.766666666666667 4.016666666666667 1.2666666666666666 0.016666666666666666 0.6 3.7666666666666666 0.16666666666666666 0.26666666666666666 43.14988090623452 13.140892494635036 2.815828277592383 0.1280190957978103 2.423496097239139 13.155945001743083 0.8198915917499231 0.7717224601860143 9.0 9.0 4.666666666666667 1.7777777777777777 15.499999999999998 0.6944444444444444 
102.56666666666666 31.166666666666668 1.8333333333333333 0.0 8.283333333333333 23.666666666666668 0.5333333333333333 0.36666666666666664 616.0127803508265 187.4251109702812 3.287180487219336 0.0 56.14092139923919 132.60689608345743 1.6579773487261178 1.0482790129010928 6.0 7.0 6.833333333333333 1.7142857142857142 32.166666666666664 0.5714285714285714 
143.2 43.81666666666667 1.4333333333333333 0.0 20.666666666666668 23.666666666666668 0.5 0.23333333333333334 649.6452057341245 198.10397031749653 2.223860507216125 0.0 81.38072389836691 132.45863085842646 1.5652475842498528 0.8825468196582479 6.0 5.0 8.166666666666666 1.4 48.166666666666664 0.3 
154.81666666666666 47.56666666666667 1.1833333333333333 0.0 23.75 24.266666666666666 0.5 0.23333333333333334 654.085684796385 199.38266112065887 2.1640368655721995 0.0 84.14899979599679 132.43525042659738 1.5652475842498528 0.8825468196582475 4.0 3.0 11.75 3.0 43.583333333333336 12.0 
66.41666666666667 20.633333333333333 0.6 0.0 16.216666666666665 4.533333333333333 0.1 0.03333333333333333 243.87567130723704 75.38787848336234 1.2935738607954834 0.0 64.56549431047165 12.3118732214973 0.5686240703077338 0.25603819159562063 5.0 5.0 6.8 4.0 27.700000000000003 8.0 
23.166666666666668 7.3 0.7166666666666667 0.0 3.45 4.0 0.0 0.06666666666666667 95.91718071104665 29.24511355195371 1.2921773184134688 0.0 24.178795806794522 7.827302643099133 0.0 0.5120763831912406 4.0 5.0 10.25 3.6 84.25 3.8000000000000003 
10.75 3.316666666666667 0.8833333333333333 0.0 0.35 3.1166666666666667 0.0 0.06666666666666667 18.617755861900577 6.741640914660332 1.4270209840394397 0.0 1.0618380290797658 6.613349294335584 0.0 0.5120763831912409 7.0 8.0 5.571428571428571 2.5 55.2857142857143 2.857142857142857 
9.6 2.75 0.9666666666666667 0.0 0.2833333333333333 2.55 0.0 0.06666666666666667 17.200000000000006 6.233311051653581 1.2775845264491197 0.0 0.7547994582816164 6.227425899465474 0.0 0.5120763831912412 7.0 7.0 5.571428571428571 2.142857142857143 28.952380952380953 2.142857142857143 
10.35 3.1666666666666665 0.7833333333333333 0.0 1.9 1.3166666666666667 0.13333333333333333 0.11666666666666667 24.98454522299735 8.438338435708507 1.2123210062612222 0.0 7.9303215571627375 2.895350679202012 0.49888765156985876 0.4506168611531924 9.0 9.0 4.666666666666667 1.6666666666666667 10.5 1.7499999999999998 
12.833333333333334 4.283333333333333 0.7166666666666667 0.0 2.2 2.2 0.2 0.3 25.690573281956087 8.809259648549109 1.0968388922515264 0.0 7.964086053444345 3.8331884030573473 0.5999999999999998 0.7810249675906654 8.0 8.0 5.375 1.5 13.125 0.5714285714285714 
15.7 5.4 0.7333333333333333 0.0 3.0833333333333335 2.5 0.3 0.38333333333333336 27.41611448278791 9.302687783646185 1.2364824660660934 0.0 8.552371341070002 4.417767158493832 0.714142842854285 0.8384840818736845 8.0 8.0 4.625 1.375 7.982142857142857 0.5535714285714286 
26.566666666666666 8.8 1.2166666666666666 0.0 2.533333333333333 6.883333333333334 0.7333333333333333 0.36666666666666664 64.49712310552223 21.535087647836498 2.106273697525772 0.0 6.208775152064125 19.000080409186577 2.7133415233291625 0.8359957469322974 6.0 5.0 8.666666666666666 1.4 29.466666666666665 0.3 
27.766666666666666 9.35 1.3166666666666667 0.0 2.683333333333333 7.216666666666667 0.7 0.2833333333333333 64.47127698095916 21.53201105331316 2.1640368655722 0.0 6.299448829505293 18.996571328063975 2.709858544893688 0.685362839831736 8.0 8.0 6.0 1.375 32.285714285714285 0.5535714285714286 
31.65 10.933333333333334 1.5333333333333334 0.0 3.0166666666666666 8.5 0.6666666666666666 0.26666666666666666 64.38085248477738 21.607766093595977 2.291045370325278 0.0 6.584050593838281 18.994297389830805 2.705960499013655 0.6798692684790383 7.0 7.0 5.571428571428571 1.4285714285714286 14.619047619047619 0.6190476190476191 
20.033333333333335 7.616666666666666 1.15 0.0 2.4833333333333334 5.316666666666666 0.13333333333333333 0.45 25.58513023005529 10.631857264320704 1.6515144564913744 0.0 5.11041963921642 8.333649993983562 0.4988876515698586 1.6575584454250776 7.0 7.0 5.714285714285714 1.5714285714285714 16.904761904761905 0.6190476190476191 
19.016666666666666 7.283333333333333 0.95 0.0 2.25 5.216666666666667 0.13333333333333333 0.38333333333333336 25.89433121146188 10.731715716614104 1.5212385304963412 0.0 5.0087423571192 8.683493280676595 0.4988876515698584 1.6236960580382307 7.0 7.0 6.428571428571429 1.4285714285714286 17.285714285714285 0.2857142857142857 
13.433333333333334 5.4 0.5 0.0 1.5166666666666666 3.933333333333333 0.13333333333333333 0.36666666666666664 23.653306087921163 10.045231040979925 0.8660254037844386 0.0 3.649162765469481 8.02883691590645 0.618241233033047 1.6121069719125016 9.0 9.0 4.333333333333333 1.6666666666666667 6.75 0.9999999999999999 
17.966666666666665 6.316666666666666 0.7166666666666667 0.0 1.9333333333333333 4.666666666666667 0.2 0.35 39.65726779404866 12.577084541162774 1.6742328259700188 0.0 4.603863112165213 11.555181617881312 0.7916228058025278 1.262603131101245 8.0 8.0 5.25 1.75 11.071428571428571 1.3571428571428572 
16.35 5.35 0.9166666666666666 0.0 1.7666666666666666 3.9 0.2 0.35 39.29708428539366 12.312358290216645 1.7822426571286212 0.0 4.510604788224696 11.18287381072802 0.7916228058025275 1.2757350822173077 7.0 8.0 5.714285714285714 2.375 9.238095238095239 3.4107142857142856 
14.716666666666667 4.466666666666667 1.0166666666666666 0.016666666666666666 1.2666666666666666 3.5166666666666666 0.13333333333333333 0.3 38.60876051997641 11.946361603247897 1.7653296827756797 0.12801909579781015 4.053256578220639 11.119789666276157 0.6182412330330465 1.255653880122492 8.0 8.0 4.625 2.5 11.125 4.0 
6.416666666666667 1.7666666666666666 0.7833333333333333 0.016666666666666666 0.45 1.3666666666666667 0.06666666666666667 0.06666666666666667 10.325198410792032 3.1536574886242104 1.461639110344578 0.1280190957978102 1.0712142642814275 3.08202675019035 0.35901098714230006 0.35901098714230006 11.0 12.0 3.4545454545454546 1.6666666666666667 4.472727272727273 1.515151515151515 
6.366666666666666 1.75 0.8333333333333334 0.016666666666666666 0.45 1.35 0.06666666666666667 0.06666666666666667 9.860640051346678 3.399142048615601 1.4395215254459452 0.12801909579781026 1.0866615541802027 3.3056769352131186 0.30912061651652334 0.3590109871423002 11.0 10.0 3.8181818181818183 1.7 6.363636363636363 1.7888888888888888 
6.75 1.9666666666666666 0.7666666666666667 0.0 0.45 1.5666666666666667 0.1 0.1 10.596579636845089 3.741508905360094 1.453348623772775 0.0 1.0866615541802027 3.597993267858566 0.39581140290126365 0.43588989435406716 10.0 10.0 3.3 2.0 6.455555555555556 2.4444444444444446 
7.166666666666667 2.066666666666667 0.8 0.0 0.38333333333333336 1.7 0.1 0.16666666666666666 9.361564446655748 3.5349053106915838 1.061445555206044 0.0 0.8581310441237334 3.372931464863563 0.3958114029012638 0.6624868971450598 7.0 7.0 6.285714285714286 2.142857142857143 35.57142857142858 3.142857142857143 
7.1 1.8833333333333333 0.8666666666666667 0.0 0.35 1.5833333333333333 0.1 0.16666666666666666 10.122088058630327 3.474150575640356 1.1469767022723503 0.0 0.8529361054615994 3.2979370656349545 0.43588989435406716 0.6624868971450599 8.0 9.0 5.25 1.8888888888888888 33.357142857142854 2.8611111111111107 
