32.18333333333333 9.566666666666666 0.6666666666666666 0.0 1.2333333333333334 8.266666666666667 0.2 0.16666666666666666 181.78462454845356 54.21911307115065 1.3743685418725533 0.0 3.900284889879487 54.220803715507174 0.5715476066494081 0.5217491947499511 11.0 11.0 2.6363636363636362 2.1818181818181817 2.8545454545454545 3.5636363636363635 
32.45 9.666666666666666 0.6 0.016666666666666666 1.0833333333333333 8.55 0.23333333333333334 0.16666666666666666 181.80057068117245 54.214901600533715 1.2138094304022082 0.12801909579781015 3.8222666341089035 54.19976168459296 0.6155395104206467 0.5527707983925672 8.0 8.0 2.125 4.375 1.8392857142857142 38.267857142857146 
27.466666666666665 7.816666666666666 0.6666666666666666 0.016666666666666666 0.03333333333333333 7.766666666666667 0.1 0.06666666666666667 181.60382399302318 54.115152427229035 0.9944289260117535 0.1280190957978102 0.2560381915956204 54.12096533589265 0.39581140290126365 0.35901098714230006 4.0 4.0 8.0 6.0 116.66666666666667 76.0 
4.516666666666667 0.7333333333333333 1.0 0.016666666666666666 0.03333333333333333 0.6833333333333333 0.06666666666666667 0.06666666666666667 8.963800657211326 2.7560035478125853 1.2649110640673518 0.12801909579781026 0.2560381915956205 2.741603342733752 0.35901098714230006 0.35901098714230006 4.0 5.0 9.25 4.2 112.91666666666667 21.7 
5.483333333333333 1.0 1.1666666666666667 0.0 0.35 0.6333333333333333 0.1 0.08333333333333333 10.912518295771859 3.719318934070233 1.3186693629901651 0.0 1.964900336743147 2.626573602412255 0.5686240703077327 0.37822685726367405 7.0 7.0 5.571428571428571 1.7142857142857142 34.95238095238095 2.2380952380952377 
5.45 1.2166666666666666 0.8833333333333333 0.0 0.35 0.85 0.13333333333333333 0.11666666666666667 12.104303642368967 4.191625248304315 1.2792141684991187 0.0 1.9649003367431475 3.2854477117535557 0.6182412330330468 0.45061686115319227 10.0 10.0 3.7 2.2 14.011111111111111 5.288888888888889 
4.85 1.2166666666666666 0.65 0.0 0.35 0.85 0.13333333333333333 0.11666666666666667 10.83639700269421 3.8776782858933645 1.0927793311857004 0.0 1.9649003367431475 2.8741665458587025 0.6182412330330466 0.4506168611531922 11.0 10.0 2.8181818181818183 2.8 6.963636363636364 7.288888888888889 
4.25 1.05 0.5166666666666667 0.0 0.08333333333333333 0.95 0.1 0.1 9.783702434831781 3.4420197558991434 0.8658650138573692 0.0 0.4579543888011362 3.4274626183227728 0.4358898943540671 0.4358898943540671 12.0 13.0 1.6666666666666667 2.6153846153846154 1.1515151515151514 5.756410256410257 
4.75 1.0666666666666667 0.6666666666666666 0.0 0.08333333333333333 0.9666666666666667 0.1 0.1 9.668893421689992 3.3259919155377125 0.8692269873603532 0.0 0.45795438880113626 3.3114280236108957 0.4358898943540671 0.4358898943540671 13.0 12.0 2.4615384615384617 2.0833333333333335 3.6025641025641026 2.9924242424242418 
4.933333333333334 0.8333333333333334 1.0333333333333334 0.0 0.11666666666666667 0.7333333333333333 0.06666666666666667 0.1 9.126639883087067 3.0340658456196308 1.2644717825593774 0.0 0.48619840486049365 3.0103525079668363 0.35901098714230006 0.43588989435406716 10.0 10.0 3.4 2.2 11.155555555555555 1.7333333333333334 
6.583333333333333 1.2833333333333334 1.2666666666666666 0.0 0.15 0.9833333333333333 0.06666666666666667 0.1 9.583478259773718 3.276642929720736 1.4817407180595243 0.0 0.6538348415311012 3.1490298329626687 0.35901098714230006 0.43588989435406716 6.0 7.0 5.833333333333333 2.4285714285714284 11.366666666666665 1.9523809523809526 
5.516666666666667 1.0333333333333334 1.1333333333333333 0.0 0.15 0.6833333333333333 0.03333333333333333 0.06666666666666667 8.533251952736949 2.8164201075518243 1.5326085243430196 0.0 0.6538348415311015 2.6235578048816746 0.25603819159562047 0.3590109871423 6.0 6.0 6.166666666666667 2.3333333333333335 14.166666666666666 2.2666666666666666 
4.2 0.9333333333333333 0.6666666666666666 0.0 0.11666666666666667 0.5833333333333334 0.03333333333333333 0.03333333333333333 8.2760699207615 2.73170683313972 1.1925695879998877 0.0 0.6348665651580299 2.5317429218272176 0.2560381915956206 0.2560381915956206 8.0 7.0 3.375 3.2857142857142856 6.839285714285714 8.238095238095237 
1.25 0.15 0.2833333333333333 0.0 0.05 0.0 0.0 0.0 2.56661255354212 0.6006940430313373 0.6348665651580301 0.0 0.3840572873934304 0.0 0.0 0.0 6.0 6.0 1.6666666666666667 7.5 0.26666666666666666 81.5 
1.6166666666666667 0.18333333333333332 0.36666666666666664 0.0 0.13333333333333333 0.0 0.0 0.0 2.9949494523651348 0.7851043808875924 0.657436097443867 0.0 0.7408703590297627 0.0 0.0 0.0 7.0 6.0 2.857142857142857 6.0 3.4761904761904763 87.2 
2.6166666666666667 0.2833333333333333 0.65 0.0 0.13333333333333333 0.0 0.0 0.0 4.431296524595131 1.3551342696902364 1.0299676370320252 0.0 0.7408703590297633 0.0 0.0 0.0 8.0 9.0 3.125 3.7777777777777777 2.6964285714285716 21.194444444444443 
3.05 0.2833333333333333 0.8333333333333334 0.0 0.13333333333333333 0.0 0.0 0.0 4.547618424333042 1.330309070187159 1.2405196043952262 0.0 0.6944222218666548 0.0 0.0 0.0 10.0 10.0 2.4 2.9 1.6 7.877777777777776 
2.35 0.2 0.6833333333333333 0.0 0.05 0.0 0.0 0.0 4.400094695950686 1.1803954139750537 1.271372836302904 0.0 0.2843120351538666 0.0 0.0 0.0 7.0 7.0 3.0 2.7142857142857144 4.0 8.238095238095237 
1.3833333333333333 0.1 0.4166666666666667 0.0 0.05 0.0 0.0 0.0 2.7452484202506846 0.39581140290126376 0.9711104754638153 0.0 0.28431203515386677 0.0 0.0 0.0 5.0 4.0 3.4 8.25 8.3 98.25 
11.0 2.933333333333333 1.1 0.016666666666666666 2.2333333333333334 1.2833333333333334 0.23333333333333334 0.03333333333333333 41.088522322744424 12.18313953334234 3.7269290307168452 0.12801909579781018 9.160361467880081 6.831524150745737 1.101009637660916 0.25603819159562025 3.0 4.0 4.0 10.0 7.0 80.66666666666667 
13.433333333333334 3.683333333333333 1.3333333333333333 0.016666666666666666 2.5833333333333335 1.7833333333333334 0.26666666666666666 0.06666666666666667 41.34100735213027 12.256279569628337 3.7490739597339995 0.12801909579781023 9.12924178426421 7.115925019903523 1.1234866364235137 0.3590109871423002 6.0 6.0 5.666666666666667 3.6666666666666665 9.466666666666667 16.666666666666668 
293.05 87.6 1.7 0.016666666666666666 2.9166666666666665 85.5 0.36666666666666664 0.1 1495.2788193176548 448.63404537180037 3.9213093051513632 0.1280190957978103 9.10913765890541 448.91511818308516 1.237829641841808 0.4358898943540672 6.0 7.0 6.833333333333333 2.5714285714285716 5.766666666666667 4.6190476190476195 
433.0 131.65 2.0833333333333335 0.0 19.133333333333333 113.9 1.0666666666666667 0.2833333333333333 1614.2437961266362 485.1844262752053 4.10808822798256 0.0 91.82419192251149 464.10881267220105 3.2138588781850523 1.1268195162590247 6.0 6.0 7.0 2.0 21.2 2.8 
694.7666666666667 212.4 2.216666666666667 0.0 71.55 142.36666666666667 1.2166666666666666 0.4 2122.647257291915 643.0156089344437 4.19957008381678 0.0 404.4227748697312 481.6276212547985 3.301977521964008 1.2935738607954832 4.0 5.0 10.75 1.6 21.583333333333332 0.7999999999999999 
433.93333333333334 135.16666666666666 1.8333333333333333 0.0 73.33333333333333 63.21666666666667 1.1166666666666667 0.38333333333333336 1578.5335796942118 482.45369956320405 4.095390362617734 0.0 404.32139306359863 199.83560674269793 3.286800200127104 1.2792141684991172 2.0 2.0 14.0 1.5 2.0 0.5 
288.45 90.36666666666666 0.65 0.0 55.4 35.15 0.18333333333333332 0.4166666666666667 1457.2745385936496 446.0340034372069 1.447123583757333 0.0 396.2209063977652 152.09140069927247 0.9745369270695821 1.3202482931462387 2.0 2.0 22.5 1.5 364.5 0.5 
28.183333333333334 10.333333333333334 0.5 0.0 3.1333333333333333 7.216666666666667 0.0 0.26666666666666666 104.96245228122717 34.14999593297519 0.7637626158259734 0.0 13.096394754112891 21.36749218374076 0.0 1.1382247385975908 3.0 3.0 16.333333333333332 1.0 89.33333333333333 0.0 
12.933333333333334 4.933333333333334 0.7 0.0 1.4 3.55 0.0 0.31666666666666665 13.787514480701573 5.674112754920857 1.004987562112089 0.0 1.685229954635272 5.302279384063675 0.0 1.161775461189563 6.0 6.0 8.5 1.3333333333333333 46.3 0.6666666666666667 
