182.66666666666666 61.416666666666664 2.5833333333333335 0.0 23.383333333333333 39.516666666666666 1.8666666666666667 1.1833333333333333 418.88409958947966 135.2594163902175 4.845243945240412 0.0 49.30351294673524 125.44447532230701 4.447721014432246 2.6801223023503145 2.0 2.0 15.0 1.0 338.0 0.0 
80.45 28.533333333333335 1.4666666666666666 0.0 21.266666666666666 7.716666666666667 0.8 0.9 157.971244746209 52.64455231919907 2.532894698868382 0.0 49.353441847780196 16.20091732656587 2.4684678108764815 2.211334438749598 2.0 2.0 21.0 1.0 200.0 0.0 
152.28333333333333 52.516666666666666 1.9166666666666667 0.016666666666666666 20.583333333333332 32.68333333333333 1.5666666666666667 1.3166666666666667 300.95891700068 98.18307587812112 2.882658880655534 0.12801909579781015 49.343115584198344 88.53144293915518 3.8529930645610513 2.6614010512426627 1.0 1.0 23.0 1.0 0.0 0.0 
102.75 35.93333333333333 1.6666666666666667 0.016666666666666666 5.35 31.0 0.8666666666666667 1.5166666666666666 271.2153280452022 88.22676590594389 2.0548046676563256 0.1280190957978102 6.98528214653257 87.83678045101608 3.159465496286074 2.6738964494202495 2.0 2.0 27.0 1.0 1152.0 0.0 
166.21666666666667 55.86666666666667 1.85 0.016666666666666666 22.283333333333335 29.95 1.0666666666666667 1.3666666666666667 384.1878052752615 124.31860502577864 2.0882608393908404 0.12801909579781026 84.03413823493932 88.04571255887478 3.198263417682924 2.3449709782615424 2.0 2.0 22.5 1.0 312.5 0.0 
88.1 29.783333333333335 1.3666666666666667 0.0 21.35 4.483333333333333 0.2 0.9 290.3050522008416 93.70842930186284 1.4602130742539667 0.0 84.06898457021272 5.693539223443437 0.7702813338860892 1.813835714721706 2.0 2.0 12.5 1.0 12.5 0.0 
239.18333333333334 77.1 1.5833333333333333 0.0 22.833333333333332 50.46666666666667 0.3 1.7666666666666666 616.4161606054432 191.95778181673177 1.9432933100509788 0.0 84.00915955352062 172.7202426533214 0.9363047936792106 6.530356464662213 4.0 4.0 13.75 1.0 256.9166666666667 0.0 
168.71666666666667 54.05 1.3 0.0 4.733333333333333 49.483333333333334 0.1 1.55 563.2880580918516 174.1106377182816 1.8556220879622372 0.0 8.203386834445608 172.98472877363736 0.5686240703077332 6.5356075973597685 8.0 7.0 6.125 1.4285714285714286 62.982142857142854 0.6190476190476191 
196.51666666666668 62.416666666666664 1.35 0.0 12.95 48.733333333333334 0.4166666666666667 1.6333333333333333 579.9036842921033 179.69207844408598 2.047966471079706 0.0 48.03693891163341 173.18168366070208 1.4176467198220515 6.547179206005859 9.0 9.0 4.222222222222222 1.6666666666666667 12.694444444444445 1.2499999999999998 
243.2 77.23333333333333 4.466666666666667 0.0 39.56666666666667 38.35 2.2666666666666666 0.65 633.3575819919319 201.31528892648853 9.922141345943873 0.0 120.52694949908737 119.75987433193141 5.650565360111225 1.4239030865898141 6.0 7.0 4.666666666666667 1.8571428571428572 8.266666666666666 1.4761904761904763 
779.65 243.28333333333333 5.683333333333334 0.0 49.5 195.16666666666666 2.966666666666667 0.9166666666666666 1207.7782746983542 376.31091275108616 9.943995955125661 0.0 124.38548950741803 338.439564603326 6.09088572285582 2.193107891149503 2.0 2.0 8.0 2.5 2.0 4.5 
1854.5 568.2166666666667 5.566666666666666 0.0 70.36666666666666 500.1 2.683333333333333 0.9833333333333333 1514.170658589491 462.2910371784809 9.975581297459415 0.0 144.87684041588182 434.2015161957252 6.075885852193813 2.2247971193396987 0.0 1.0 0.0 1.0 0.0 0.0 
1293.5 395.68333333333334 1.8166666666666667 0.016666666666666666 14.35 381.56666666666666 0.55 1.9 1490.424095126395 452.642592327422 2.636232581207928 0.12801909579781026 75.81948408335856 453.4379915955679 1.909842925478429 10.115499658115423 2.0 2.0 27.0 1.0 1152.0 0.0 
233.18333333333334 73.36666666666666 1.6833333333333333 0.0 12.683333333333334 60.6 0.23333333333333334 1.7166666666666666 660.4165223974605 201.86174861908714 2.735517420078979 0.0 75.97247125695516 187.93493554951408 0.6420453428086083 10.121086349245775 5.0 4.0 10.4 1.75 137.8 0.9166666666666666 
10.366666666666667 3.0 1.3666666666666667 0.0 0.5 2.466666666666667 0.06666666666666667 0.16666666666666666 14.6309793095184 4.464676173400859 2.008039397577204 0.0 0.9036961141150639 4.356859215331868 0.3590109871423001 0.5217491947499515 8.0 8.0 5.25 1.375 10.5 0.5535714285714286 
9.866666666666667 2.783333333333333 1.3 0.0 0.5166666666666667 2.3 0.1 0.1 14.34859652447661 4.159694166108316 1.9174636024359542 0.0 0.9745369270695813 4.026164427839479 0.4358898943540671 0.4358898943540671 7.0 8.0 4.714285714285714 1.5 9.571428571428571 0.5714285714285714 
15.916666666666666 4.916666666666667 1.2166666666666666 0.0 0.6333333333333333 4.416666666666667 0.13333333333333333 0.16666666666666666 50.213308882097074 17.055098618562393 1.5926044357871443 0.0 1.4138206706965666 16.41573601423003 0.6182412330330469 0.7340905181848414 9.0 9.0 5.444444444444445 1.1111111111111112 23.77777777777778 0.11111111111111112 
17.666666666666668 5.566666666666666 1.2333333333333334 0.016666666666666666 1.0833333333333333 4.766666666666667 0.16666666666666666 0.23333333333333334 50.70261882344499 17.19434661612809 1.6769681637473686 0.12801909579781015 2.8536039591287987 16.468522162666034 0.6624868971450599 0.8034647195462633 7.0 7.0 4.857142857142857 1.2857142857142858 31.809523809523807 0.2380952380952381 
16.366666666666667 4.983333333333333 1.3 0.016666666666666666 1.0833333333333333 4.116666666666666 0.13333333333333333 0.2 50.66851970295647 17.241898258473604 1.6563010998406458 0.12801909579781023 2.853603959128798 16.508676170089736 0.6182412330330465 0.7702813338860891 8.0 8.0 5.5 1.5 31.714285714285715 1.1428571428571428 
9.133333333333333 2.35 1.3833333333333333 0.016666666666666666 0.9 1.55 0.06666666666666667 0.1 13.173795538450147 4.300484468832165 1.6542034000959163 0.12801909579781026 2.6689573494781316 3.5281014724636277 0.3590109871423 0.43588989435406716 7.0 7.0 6.285714285714286 1.7142857142857142 34.90476190476191 1.238095238095238 
10.05 2.316666666666667 1.65 0.0 0.8 1.6833333333333333 0.06666666666666667 0.03333333333333333 26.382080408236696 7.872931827188366 2.3225345350858975 0.0 1.7397317800933183 7.894073022774042 0.5120763831912405 0.25603819159562036 10.0 10.0 3.7 1.4 6.677777777777778 0.9333333333333333 
14.533333333333333 4.1 1.75 0.0 0.8833333333333333 3.5 0.26666666666666666 0.23333333333333334 34.167951195365646 11.660045740333384 2.440116117455615 0.0 1.7615491919204398 11.762227680163312 1.6110727964792773 1.5531330342962324 8.0 9.0 6.0 1.1111111111111112 23.428571428571427 0.11111111111111112 
20.216666666666665 6.233333333333333 1.7 0.0 2.75 3.7333333333333334 0.4 0.36666666666666664 43.42353112720746 14.673521125558858 2.4447222064411864 0.0 9.937513102716728 11.776907724676951 1.675310916417208 1.6121069719125014 8.0 9.0 5.75 1.0 21.928571428571427 0.0 
18.316666666666666 5.816666666666666 1.45 0.0 2.5833333333333335 3.3333333333333335 0.36666666666666664 0.36666666666666664 37.30973584587392 13.265860528271649 1.716828471338939 0.0 9.871324913888488 9.821178929006212 1.6224124698183973 1.6121069719125025 6.0 6.0 8.0 1.1666666666666667 40.8 0.16666666666666666 
18.1 5.716666666666667 1.3833333333333333 0.016666666666666666 2.566666666666667 3.2666666666666666 0.4 0.23333333333333334 46.07374523522046 16.48442867948079 1.950142444939742 0.12801909579781012 9.903478625659215 13.84662012510233 1.8636880997992484 0.7386173268720116 7.0 7.0 6.571428571428571 1.1428571428571428 32.95238095238095 0.14285714285714285 
174.86666666666667 55.71666666666667 2.6166666666666667 0.03333333333333333 45.25 11.783333333333333 1.0 0.45 570.2640168280732 180.97413182244827 4.715547570419463 0.1795054935711501 161.0862734685982 31.42243978786851 3.7682887362833544 1.3092618785661891 4.0 4.0 7.25 1.25 22.916666666666668 0.25 
