6.733333333333333 2.4 0.55 0.0 2.2333333333333334 0.21666666666666667 0.23333333333333334 0.4166666666666667 11.263313110369534 5.040502620440412 0.9733961166965894 0.0 5.057557601143948 0.6853628398317366 0.6674994798166933 1.2421978729476058 8.0 9.0 4.5 2.4444444444444446 9.714285714285714 2.7777777777777777 
7.866666666666666 2.716666666666667 0.7166666666666667 0.0 2.4833333333333334 0.3 0.4 0.3333333333333333 11.046065161656237 5.0202644905976355 1.0180318702716968 0.0 4.981605051475764 0.7810249675906654 0.7788880963698616 1.0903618155864094 7.0 7.0 5.571428571428571 2.142857142857143 13.952380952380953 2.4761904761904763 
5.733333333333333 1.6333333333333333 0.7166666666666667 0.0 1.45 0.26666666666666666 0.36666666666666664 0.11666666666666667 10.249986449855543 3.6649996210398483 1.0015266125049078 0.0 3.5703641270884394 0.6548960901462835 0.7520342781785656 0.3693086634360057 10.0 10.0 3.5 2.2 8.722222222222221 2.8444444444444446 
5.166666666666667 1.3833333333333333 0.7666666666666667 0.0 1.25 0.21666666666666667 0.3 0.05 9.028042731154716 3.307021150354028 0.9723968097209883 0.0 3.191786333700926 0.5505048188304585 0.6904105059069325 0.21794494717703358 11.0 11.0 3.3636363636363638 2.0 8.654545454545456 2.2 
3.7 0.75 0.75 0.0 0.6 0.21666666666666667 0.03333333333333333 0.016666666666666666 8.733651393699349 2.958744102937371 1.058694164210483 0.0 2.9166190472303164 0.5505048188304583 0.2560381915956206 0.1280190957978103 14.0 14.0 2.142857142857143 2.0 1.054945054945055 1.8461538461538463 
4.8 1.1833333333333333 0.7333333333333333 0.0 1.05 0.15 0.03333333333333333 0.0 7.7798886024586915 2.88381498867193 1.062491830033948 0.0 2.860215609588434 0.47696960070847333 0.2560381915956203 0.0 12.0 12.0 2.4166666666666665 2.1666666666666665 5.174242424242425 1.2424242424242424 
4.466666666666667 1.0666666666666667 0.7 0.0 0.85 0.23333333333333334 0.03333333333333333 0.0 7.502147840600198 2.7194770739161522 1.0847426730181986 0.0 2.6634876884766476 0.6155395104206463 0.2560381915956204 0.0 14.0 14.0 2.357142857142857 1.8571428571428572 5.016483516483516 0.9010989010989011 
4.45 0.9833333333333333 0.7 0.0 0.85 0.16666666666666666 0.03333333333333333 0.0 7.290233192429438 2.6987136853611484 0.9712534856222316 0.0 2.663487688476649 0.48876260995383974 0.2560381915956205 0.0 12.0 12.0 3.0833333333333335 1.75 7.174242424242424 0.9318181818181818 
3.2333333333333334 0.7 0.6 0.0 0.5 0.2833333333333333 0.0 0.0 3.9638645564930983 1.6563010998406458 0.8205689083394112 0.0 1.466287829861518 0.6348665651580299 0.0 0.0 13.0 14.0 2.6923076923076925 1.7142857142857142 4.564102564102564 0.8351648351648352 
3.4833333333333334 0.6833333333333333 0.7166666666666667 0.0 0.55 0.21666666666666667 0.0 0.0 3.922123857753036 1.5967849643024017 0.9145429945545965 0.0 1.465435088975284 0.5193478816960959 0.0 0.0 12.0 12.0 3.1666666666666665 1.75 5.424242424242425 0.9318181818181818 
4.016666666666667 0.9666666666666667 0.7666666666666667 0.0 0.7666666666666667 0.21666666666666667 0.0 0.0 4.852805603176603 1.897073770017625 1.2297244497131143 0.0 1.7641491496532316 0.5505048188304578 0.0 0.0 12.0 12.0 3.1666666666666665 1.6666666666666667 4.515151515151516 0.7878787878787878 
6.05 1.6 0.8166666666666667 0.016666666666666666 1.2833333333333334 0.26666666666666666 0.13333333333333333 0.08333333333333333 13.110333074843421 4.782607378128935 1.2844151284620642 0.12801909579781018 4.655074889002562 1.3148721948877344 0.6182412330330469 0.378226857263674 10.0 10.0 2.9 2.1 2.988888888888889 0.7666666666666666 
5.716666666666667 1.5166666666666666 0.7333333333333333 0.016666666666666666 1.2166666666666666 0.25 0.13333333333333333 0.08333333333333333 13.222571190539638 4.801012624668076 1.2762793146051092 0.12801909579781023 4.665803491599513 1.3118053717428257 0.6182412330330467 0.37822685726367405 10.0 9.0 3.2 2.3333333333333335 9.28888888888889 2.5 
5.433333333333334 1.2333333333333334 0.8 0.016666666666666666 1.0166666666666666 0.2 0.13333333333333333 0.08333333333333333 13.017125472067768 4.723581503713286 1.1372481406154655 0.12801909579781032 4.584363520587013 1.2884098726725148 0.6182412330330465 0.37822685726367417 9.0 9.0 3.6666666666666665 2.6666666666666665 14.250000000000002 5.25 
2.15 0.11666666666666667 0.6666666666666666 0.0 0.08333333333333333 0.016666666666666666 0.0 0.0 3.2394701212801236 0.5505048188304579 1.0274023338281628 0.0 0.45795438880113626 0.1280190957978102 0.0 0.0 10.0 9.0 2.5 3.6666666666666665 5.833333333333333 7.500000000000001 
2.3666666666666667 0.13333333333333333 0.7666666666666667 0.0 0.08333333333333333 0.03333333333333333 0.0 0.0 3.2298950791352676 0.5617433182117567 1.1308796969124917 0.0 0.45795438880113637 0.17950549357115 0.0 0.0 10.0 9.0 3.0 3.0 5.111111111111111 6.5 
2.15 0.15 0.7 0.0 0.05 0.016666666666666666 0.0 0.0 3.166622806713802 0.5722761571129803 1.0847426730181988 0.0 0.3840572873934299 0.1280190957978102 0.0 0.0 12.0 12.0 2.3333333333333335 2.5833333333333335 2.0606060606060606 2.9924242424242427 
3.05 0.2833333333333333 0.9 0.0 0.18333333333333332 0.05 0.0 0.0 4.741395715750093 1.0502645169458766 1.2342339054382412 0.0 0.9745369270695812 0.2179449471770336 0.0 0.0 13.0 14.0 1.9230769230769231 2.142857142857143 2.2435897435897436 1.6703296703296704 
4.05 0.7 0.8333333333333334 0.0 0.6 0.11666666666666667 0.03333333333333333 0.0 9.543627891600414 3.094618985701902 1.0826921179274474 0.0 3.0832882879592476 0.3210226714043038 0.25603819159562036 0.0 13.0 14.0 2.230769230769231 2.142857142857143 7.3589743589743595 1.6703296703296704 
4.45 0.7 0.9833333333333333 0.0 0.6 0.18333333333333332 0.03333333333333333 0.0 9.499868420141402 3.100000000000001 1.2178076841421048 0.0 3.0832882879592485 0.3869395588747967 0.25603819159562047 0.0 11.0 10.0 3.090909090909091 2.4 11.89090909090909 2.0444444444444447 
3.566666666666667 0.5333333333333333 0.8333333333333334 0.0 0.4166666666666667 0.2 0.03333333333333333 0.0 8.987707654841072 2.9747082023097513 1.1426091000668408 0.0 2.951223851594826 0.39999999999999986 0.2560381915956206 0.0 12.0 11.0 2.5833333333333335 2.4545454545454546 6.628787878787878 1.6727272727272726 
3.7333333333333334 0.5833333333333334 0.9333333333333333 0.0 0.5166666666666667 0.11666666666666667 0.13333333333333333 0.0 4.959390643572611 1.2687482895445503 1.4704496666741846 0.0 1.3353110332636198 0.32102267140430396 0.49888765156985887 0.0 12.0 13.0 2.6666666666666665 2.076923076923077 6.606060606060606 1.9102564102564101 
96.5 31.083333333333332 0.8 0.0 7.45 0.06666666666666667 0.26666666666666666 0.0 408.05818621041453 132.70057669639402 1.6713268182295566 0.0 50.49304407539716 0.24944382578492913 0.7717224601860151 0.0 15.0 15.0 1.8 2.1333333333333333 2.028571428571429 2.838095238095238 
97.06666666666666 31.083333333333332 1.0 0.0 7.466666666666667 0.06666666666666667 0.26666666666666666 0.0 407.9287056446125 132.700576696394 1.7224014243685084 0.0 50.49074722714604 0.24944382578492938 0.7717224601860144 0.0 14.0 15.0 2.0 1.8 2.1538461538461537 2.0285714285714285 
96.46666666666667 31.016666666666666 0.8666666666666667 0.0 7.366666666666666 0.06666666666666667 0.3333333333333333 0.016666666666666666 408.0528342697247 132.71680271247578 1.4996295838935991 0.0 50.503784236651214 0.2494438257849292 0.8096638534327413 0.12801909579781018 13.0 13.0 2.6153846153846154 1.8461538461538463 5.423076923076923 2.141025641025641 
4.5 0.95 0.7666666666666667 0.0 0.9 0.05 0.23333333333333334 0.016666666666666666 12.010412149464313 3.6397115270306806 1.1308796969124915 0.0 3.6409705665751617 0.21794494717703355 0.6155395104206466 0.12801909579781023 12.0 12.0 2.9166666666666665 2.0 5.174242424242425 2.3636363636363638 
7.383333333333334 2.183333333333333 0.65 0.0 1.1333333333333333 0.8666666666666667 0.3333333333333333 0.08333333333333333 18.20081652625019 6.192715254411607 1.077419757259599 0.0 3.743735508226453 3.579882058889029 0.7226494462892932 0.37822685726367394 13.0 12.0 2.6153846153846154 2.0 1.7564102564102564 3.090909090909091 
53.15 15.766666666666667 0.8333333333333334 0.0 0.9833333333333333 14.65 0.13333333333333333 0.3 158.52537388906126 47.30657694467253 1.1995369476964381 0.0 3.6900391446282685 47.29581553019957 0.49888765156985854 0.9539392014169459 9.0 10.0 2.4444444444444446 2.4 1.7777777777777777 5.155555555555556 
