27.433333333333334 7.1 3.1666666666666665 0.6666666666666666 3.216666666666667 6.566666666666666 0.5333333333333333 0.18333333333333332 68.2513410531658 22.262599428937612 3.8521278391155307 1.2995725793078619 4.590176709258831 22.181348521273954 1.5965240019770728 1.0565930573730309 1.0 1.0 2.0 1.0 0.0 0.0 
65.9 14.1 8.116666666666667 1.8333333333333333 18.55 3.8666666666666667 0.2 1.45 174.7093491106491 54.4471303192372 6.743124069911678 1.4962917124975628 56.12855037025869 6.78347665696253 1.5362291495737217 2.148061141277562 1.0 1.0 42.0 1.0 0.0 0.0 
59.8 11.616666666666667 8.166666666666666 1.8 16.9 3.283333333333333 0.4666666666666667 0.9 175.74344938005513 54.74428179169847 6.750720126195591 1.5470401847829724 56.35237350813184 10.392451854858678 2.1715329966536436 1.4685593847940461 1.0 1.0 22.0 1.0 0.0 0.0 
59.55 11.583333333333334 8.316666666666666 1.7666666666666666 16.833333333333332 3.533333333333333 0.4666666666666667 0.7 176.00894153422996 54.86173276722332 6.79090486525094 1.6162370563200874 56.39212908041533 10.838921635578984 2.171532996653643 1.6563010998406458 1.0 1.0 2.0 1.0 0.0 0.0 
92.65 20.6 10.016666666666667 1.8 27.083333333333332 2.7333333333333334 0.4666666666666667 0.7666666666666667 246.97738256771606 74.85234353935309 7.906730606824093 1.6411378166788226 74.87707518919852 10.604820706745691 2.291045370325277 2.6036299446904674 1.0 1.0 55.0 1.0 0.0 0.0 
87.7 19.9 8.55 1.7833333333333334 25.566666666666666 2.0166666666666666 0.4666666666666667 0.65 247.72352196215314 74.91299397745806 7.2558597009589425 1.4616391103445776 75.09313476536246 10.125037722837828 2.2910453703252767 2.3862453073116083 2.0 2.0 20.0 1.0 450.0 0.0 
76.45 18.8 5.966666666666667 1.2166666666666666 22.616666666666667 1.8833333333333333 0.4666666666666667 0.5333333333333333 249.7691217237766 74.95327433363626 7.204088345438919 1.2395115525435367 75.700086232154 10.132606881855336 2.2910453703252758 2.3485219938411364 5.0 5.0 10.8 1.0 106.2 0.0 
14.4 1.9666666666666666 2.566666666666667 0.8 3.6333333333333333 0.1 0.03333333333333333 0.15 14.136477637657833 4.024784328245289 2.5907956735764066 1.077032961426901 4.308776572944524 0.39581140290126376 0.2560381915956203 0.4769696007084735 5.0 5.0 9.4 1.0 115.30000000000001 0.0 
8.783333333333333 1.6333333333333333 1.4166666666666667 0.25 1.9166666666666667 0.0 0.03333333333333333 0.016666666666666666 12.550022133667955 4.094576358496147 1.9086790079936333 0.4699290726623895 3.6573745896324157 0.0 0.2560381915956204 0.12801909579781023 7.0 6.0 6.285714285714286 1.5 21.904761904761905 1.5 
7.916666666666667 1.7833333333333334 1.1166666666666667 0.06666666666666667 1.5666666666666667 0.0 0.06666666666666667 0.05 13.752928980968223 4.608295659882173 1.4616391103445776 0.24944382578492913 4.3603007031880505 0.0 0.3590109871423 0.2843120351538664 9.0 8.0 4.555555555555555 2.25 18.02777777777778 4.785714285714286 
7.516666666666667 1.7833333333333334 1.1333333333333333 0.0 1.0166666666666666 0.48333333333333334 0.06666666666666667 0.16666666666666666 12.349752584116368 4.021159313210833 1.6478942792411033 0.0 3.3788147165668745 2.2766325034039974 0.3590109871423002 0.6101001739241043 12.0 12.0 2.75 1.9166666666666667 2.75 3.356060606060606 
12.85 3.566666666666667 1.2 0.03333333333333333 1.1666666666666667 0.5333333333333333 0.06666666666666667 0.21666666666666667 18.382804465042867 6.151874149846983 1.5999999999999999 0.2560381915956203 3.4600899153377807 2.276449477195181 0.3590109871423 0.6605973727535476 12.0 12.0 3.5 1.25 8.090909090909092 0.20454545454545456 
15.116666666666667 3.7333333333333334 1.6 0.38333333333333336 1.9666666666666666 0.6166666666666667 0.03333333333333333 0.43333333333333335 18.06847315691678 5.799042066487265 2.1228911104120876 0.9676718911329858 3.2607088527223986 2.2737023160964216 0.2560381915956206 1.054619467970425 10.0 10.0 3.9 1.2 9.655555555555555 0.17777777777777778 
47.31666666666667 12.15 2.7 0.8 11.066666666666666 0.2 0.1 0.35 186.60676047655818 55.374731000099075 3.536947836765479 1.3515423288475532 53.05056288317988 0.39999999999999997 0.43588989435406733 0.945603863500286 5.0 6.0 4.8 1.1666666666666667 17.2 0.16666666666666666 
47.56666666666667 11.4 3.3 1.0666666666666667 11.683333333333334 0.23333333333333334 0.1 0.31666666666666665 187.27514220763226 55.794922110648486 3.593048844644337 1.400793425963379 52.95862903143254 0.4229525846816504 0.4358898943540673 0.9218037872683217 5.0 4.0 11.0 1.0 176.5 0.0 
53.65 12.65 4.0 1.2166666666666666 13.15 0.18333333333333332 0.1 0.13333333333333333 187.6552535013786 55.82497201074082 4.840798832148815 1.7989966339292824 53.3278616984905 0.38693955887479686 0.43588989435406716 0.33993463423951914 4.0 4.0 13.25 1.0 74.25 0.0 
25.016666666666666 4.566666666666666 3.6 1.0333333333333334 5.483333333333333 0.2833333333333333 0.06666666666666667 0.13333333333333333 36.12270369479868 9.747421311414739 5.279520180218401 1.7603661235347872 10.330362476161662 0.9325889889025192 0.3590109871423002 0.3858612300930074 5.0 5.0 9.6 1.0 32.3 0.0 
20.3 3.5 3.1333333333333333 0.8333333333333334 4.966666666666667 0.2 0.06666666666666667 0.11666666666666667 31.00016128990298 6.553624951124378 5.2866708701118235 1.6947631758514896 10.405073548781646 0.9092121131323901 0.3590109871423001 0.3693086634360056 8.0 8.0 6.25 1.0 31.071428571428573 0.0 
