19.416666666666668 7.933333333333334 0.7 0.0 3.183333333333333 4.766666666666667 0.0 0.36666666666666664 17.572982735501167 7.1574359158073415 1.281925634868627 0.0 3.7704626889665533 5.496564583648792 0.0 1.4255603186895394 2.0 2.0 14.0 1.0 288.0 0.0 
18.233333333333334 7.4 0.5666666666666667 0.0 3.2 4.35 0.0 0.4666666666666667 15.242885407807655 6.197311244940556 1.1160446028522135 0.0 3.897862662194929 4.650537603331469 0.0 1.596524001977073 5.0 5.0 10.4 1.2 128.80000000000004 0.2 
17.483333333333334 6.7 0.75 0.0 2.7666666666666666 4.083333333333333 0.0 0.6 15.105729229519357 6.221736092120913 1.1049132695978148 0.0 4.232283334350647 4.539793191569657 0.0 1.635033129124098 4.0 4.0 8.25 1.25 67.58333333333333 0.25 
30.933333333333334 10.816666666666666 1.2166666666666666 0.016666666666666666 3.3833333333333333 7.85 0.1 0.85 66.19336992646788 20.932822445995082 1.7520622769246021 0.12801909579781015 4.553722530950792 20.435120911476563 0.5686240703077327 1.4355602855099232 3.0 4.0 4.333333333333333 1.25 9.333333333333334 0.25 
512.5333333333333 165.36666666666667 2.1166666666666667 0.03333333333333333 4.75 161.73333333333332 0.6 1.2333333333333334 985.2537146452289 313.83063195863394 3.474150575640358 0.17950549357115003 8.589965075598387 314.01989675107467 2.075250988836452 2.396988851779573 1.0 1.0 49.0 1.0 0.0 0.0 
517.5166666666667 167.58333333333334 1.9 0.016666666666666666 4.35 163.33333333333334 0.6333333333333333 1.1 984.839809168081 313.69291202632473 3.744774136491188 0.12801909579781026 9.325279263021207 314.1325976222284 2.2358195116978665 2.3430749027719946 2.0 2.0 27.5 1.0 4.5 0.0 
250.31666666666666 82.88333333333334 1.6666666666666667 0.016666666666666666 3.4833333333333334 79.45 0.7666666666666667 0.5333333333333333 584.8610801340396 198.16374472194008 3.0532314393478646 0.12801909579781015 7.095753816348354 198.6677649578144 2.512413624828169 1.0873004286866732 3.0 3.0 15.0 1.3333333333333333 91.0 0.3333333333333333 
55.95 19.6 1.6166666666666667 0.016666666666666666 3.4833333333333334 16.083333333333332 0.7333333333333333 0.45 123.42385304308077 41.69300500883413 3.017127036694935 0.1280190957978102 7.067511741923193 40.15233146683043 2.5090945688745068 0.9903703011163724 3.0 3.0 13.333333333333334 1.3333333333333333 9.333333333333332 0.3333333333333333 
34.96666666666667 12.016666666666667 1.4833333333333334 0.03333333333333333 2.3666666666666667 10.333333333333334 0.6 0.1 89.2147160257519 29.012923365669696 2.552721858896673 0.17950549357115003 5.501413959661237 27.0885379614495 2.3252240035460408 0.47258156262526063 5.0 5.0 9.0 1.4 41.5 0.3 
18.766666666666666 7.116666666666666 1.0333333333333334 0.016666666666666666 1.8 5.433333333333334 0.06666666666666667 0.3 18.93089773066478 8.290741154377509 1.4940623220676648 0.12801909579781023 2.644491129373161 7.181844393252258 0.3590109871423 1.1590225767142477 6.0 6.0 7.833333333333333 1.1666666666666667 47.76666666666667 0.16666666666666666 
15.833333333333334 5.866666666666666 1.0 0.016666666666666666 1.4 4.55 0.03333333333333333 0.3 17.035420615751043 7.640826017010349 1.6431676725154984 0.12801909579781032 2.430363484474424 6.251466494618148 0.25603819159562047 1.1590225767142481 7.0 7.0 6.571428571428571 1.2857142857142858 49.61904761904762 0.2380952380952381 
22.566666666666666 8.283333333333333 1.05 0.0 3.216666666666667 5.25 0.23333333333333334 0.65 45.77603691404003 16.140107049073606 1.969983079453561 0.0 10.622447405795373 8.202895830132185 1.3211947455070943 1.7207072189461325 6.0 6.0 6.0 1.5 36.0 0.7 
162.35 51.03333333333333 1.5666666666666667 0.0 28.95 22.9 1.1666666666666667 1.1333333333333333 617.8893057552192 189.2741368726559 4.255845653007426 0.0 174.42576501193852 62.783676222406726 3.8908725099762504 2.723151768733347 6.0 6.0 8.0 1.8333333333333333 75.2 0.5666666666666667 
181.83333333333334 57.583333333333336 1.5666666666666667 0.0 34.86666666666667 23.583333333333332 1.3 1.5166666666666666 619.5807229265788 189.74538129351723 4.200661323596028 0.0 175.2687904017395 62.66293206957012 3.9000000000000035 2.8895885904782723 4.0 5.0 9.75 1.8 98.91666666666667 0.7000000000000001 
182.05 57.25 2.2666666666666666 0.0 35.65 23.283333333333335 1.3 1.45 618.5821267220707 189.38511249127617 7.837658380465996 0.0 175.02588618068296 62.62776052908872 3.7429934544425856 2.735111210414184 4.0 4.0 11.25 2.0 52.916666666666664 0.6666666666666666 
189.56666666666666 62.266666666666666 3.7666666666666666 0.0 13.333333333333334 51.95 1.8 1.6666666666666667 450.76155435982884 143.43603297482667 9.163999612008336 0.0 26.84130316425707 141.5091781475675 4.725110227991159 3.1499559079806536 2.0 2.0 14.5 2.0 112.5 2.0 
189.6 61.9 4.033333333333333 0.0 10.4 54.8 1.8 1.2833333333333334 452.7603928496103 143.90340510217266 9.23573975861647 0.0 20.091623461864234 141.53972351722797 4.710980082035301 3.017127036694934 2.0 2.0 20.0 2.0 200.0 2.0 
191.01666666666668 63.18333333333333 3.25 0.0 10.083333333333334 55.61666666666667 1.9 1.2666666666666666 453.22560576629184 143.965793583831 6.604606977961167 0.0 19.62676035983071 141.57048793995006 4.829423706130294 3.048861353941098 2.0 2.0 21.0 1.0 8.0 0.0 
70.96666666666667 24.216666666666665 1.3333333333333333 0.016666666666666666 6.666666666666667 18.3 0.43333333333333335 0.35 181.36096296857514 57.945690569321506 3.118047822311618 0.12801909579781018 18.160090552882416 51.054970375077104 1.4533486237727766 1.0299676370320254 5.0 5.0 10.6 1.2 61.300000000000004 0.2 
51.68333333333333 18.183333333333334 1.0666666666666667 0.03333333333333333 3.85 14.816666666666666 0.3 0.31666666666666665 157.03826409155474 51.41157187075904 2.638602323621774 0.17950549357115006 8.605860406335523 48.980775707300616 1.3940349110884331 1.0081611423224406 7.0 6.0 7.285714285714286 1.1666666666666667 31.571428571428573 0.16666666666666666 
43.36666666666667 15.15 0.9333333333333333 0.03333333333333333 1.9333333333333333 13.533333333333333 0.0 0.35 153.6889680129608 50.2416908553046 2.4004629183185138 0.17950549357115 5.495048275998638 48.306820314411986 0.0 1.6413916859380844 7.0 7.0 5.714285714285714 1.5714285714285714 16.571428571428573 1.2857142857142858 
21.283333333333335 7.166666666666667 1.7833333333333334 0.03333333333333333 2.35 5.766666666666667 0.06666666666666667 0.5666666666666667 23.72768542347853 9.494150245750742 3.911912007644798 0.17950549357115 5.1115066272088505 9.033948318549436 0.3590109871423003 2.0685475312133614 4.0 4.0 6.0 1.75 8.666666666666666 2.25 
95.58333333333333 31.6 3.4 0.016666666666666666 8.45 25.666666666666668 0.5666666666666667 0.7666666666666667 198.39962127540016 64.06642386357042 6.979016167531543 0.1280190957978102 28.919096919970837 54.43579296341291 2.3120457511813117 2.2830291768223683 2.0 3.0 22.5 1.3333333333333333 420.5 0.3333333333333333 
102.03333333333333 33.6 3.8333333333333335 0.05 9.183333333333334 27.6 0.7666666666666667 0.7666666666666667 197.01201035018707 63.732304733680124 6.95741011839575 0.2179449471770336 28.757313079555185 54.20061500266087 2.424642012522444 1.9694894995629924 2.0 2.0 25.0 1.0 18.0 0.0 
100.51666666666667 34.28333333333333 2.933333333333333 0.03333333333333333 8.733333333333333 27.966666666666665 0.7666666666666667 1.4 201.05492546952328 66.02880474123059 6.201791855764132 0.17950549357115006 28.911858389864122 55.703969537387735 2.4177583741051447 5.553377350765929 3.0 3.0 15.333333333333334 3.3333333333333335 49.333333333333336 16.333333333333332 
23.583333333333332 8.616666666666667 1.3166666666666667 0.05 2.3 7.1 0.26666666666666666 1.2333333333333334 48.96879675421442 21.928741920644278 1.8752036926395208 0.21794494717703355 5.447629453869514 17.7282260815909 0.910433352249843 5.490496840501375 5.0 5.0 8.0 3.0 33.0 9.5 
13.1 4.616666666666666 0.9166666666666666 0.03333333333333333 0.9166666666666666 3.816666666666667 0.06666666666666667 0.9333333333333333 43.300769816097564 20.090704041642994 1.3075634677606363 0.1795054935711501 4.9169491444277655 15.570797096559394 0.3091206165165232 5.421766829692654 8.0 8.0 4.625 2.75 8.267857142857142 5.928571428571429 
