6.816666666666666 1.75 0.8833333333333333 0.0 0.5666666666666667 1.4666666666666666 0.13333333333333333 0.11666666666666667 13.976756498638096 3.8799699311549656 2.041989770352002 0.0 2.2462314118441937 3.303869784897032 0.6182412330330467 0.486198404860494 10.0 10.0 2.4 3.4 3.155555555555555 7.377777777777777 
9.183333333333334 2.3833333333333333 1.1666666666666667 0.016666666666666666 0.6666666666666666 2.033333333333333 0.16666666666666666 0.13333333333333333 17.839554989467143 5.276020175178339 2.2373098926066444 0.12801909579781018 2.263232692902396 4.91923661647708 0.6624868971450601 0.49888765156985854 12.0 11.0 2.6666666666666665 2.4545454545454546 4.0606060606060606 4.872727272727272 
6.85 1.8666666666666667 0.8 0.016666666666666666 0.35 1.5333333333333334 0.1 0.13333333333333333 15.748888849693497 5.031456603763527 1.5253414918196735 0.12801909579781023 0.8722576072086347 4.907364080870933 0.4358898943540671 0.4988876515698582 11.0 10.0 2.727272727272727 2.9 2.618181818181818 4.322222222222222 
135.86666666666667 41.18333333333333 1.0333333333333334 0.016666666666666666 36.833333333333336 4.6 0.43333333333333335 0.11666666666666667 950.7273788467904 287.4381957723936 1.98298316236478 0.1280190957978103 279.9295248609707 12.2204746225341 1.847220133666321 0.45061686115319244 9.0 8.0 3.888888888888889 3.0 6.361111111111111 5.714285714285714 
134.38333333333333 40.88333333333333 0.8166666666666667 0.0 36.86666666666667 4.283333333333333 0.4 0.13333333333333333 950.8571061883529 287.4557990176732 1.7653296827756826 0.0 279.92525589679974 11.734694523316556 1.836663641860788 0.4642796092394705 10.0 11.0 3.5 2.090909090909091 4.944444444444445 3.690909090909091 
135.0 41.13333333333333 0.9166666666666666 0.0 36.9 4.533333333333333 0.5 0.1 950.7510539918778 287.4200449207085 1.7348551012180293 0.0 279.92151876314705 11.531791804495176 1.857417562100671 0.39581140290126365 11.0 12.0 3.1818181818181817 1.25 4.763636363636364 0.20454545454545456 
6.4 2.066666666666667 0.7166666666666667 0.0 0.5833333333333334 1.5833333333333333 0.5666666666666667 0.05 6.170359254803026 2.798015169524442 1.1560228755906563 0.0 1.28181728633825 2.0919820479365714 0.9893881386437217 0.21794494717703355 8.0 8.0 2.5 1.25 1.1428571428571428 0.21428571428571427 
9.316666666666666 2.9166666666666665 1.0166666666666666 0.0 0.5 2.533333333333333 0.7666666666666667 0.11666666666666667 12.359195856617138 4.886347192831152 1.3600449338982235 0.0 1.2449899597988732 4.558752265941003 1.1308796969124917 0.4506168611531923 6.0 6.0 7.0 1.6666666666666667 175.6 1.4666666666666663 
8.25 2.5833333333333335 0.8166666666666667 0.0 0.35 2.3333333333333335 0.6666666666666666 0.15 12.910751333675357 4.834913534789312 1.2040441114104672 0.0 0.963068014212912 4.71757941698447 1.1205157542647737 0.47696960070847316 7.0 6.0 6.142857142857143 2.5 72.14285714285715 3.1 
7.916666666666667 2.1166666666666667 1.1 0.016666666666666666 0.5333333333333333 1.8 0.5 0.15 13.405585485991365 4.747250666321388 1.670329308849006 0.12801909579781015 1.3960261060914618 4.735680169380813 0.9219544457292888 0.47696960070847344 9.0 9.0 3.2222222222222223 2.4444444444444446 8.694444444444445 2.2777777777777777 
8.133333333333333 2.466666666666667 0.95 0.016666666666666666 1.25 1.4666666666666666 0.9 0.08333333333333333 13.314737031658652 4.6564173161586595 1.5960889699512368 0.1280190957978102 3.003470215156683 2.8075295585660744 1.1503622617824931 0.33124344857253 7.0 7.0 4.285714285714286 2.5714285714285716 24.23809523809524 1.9523809523809526 
11.1 3.4 1.1166666666666667 0.016666666666666666 1.2333333333333334 2.4166666666666665 1.0333333333333334 0.21666666666666667 15.571020090754063 5.678027826631355 1.6133987590039711 0.12801909579781026 3.007583008921878 4.579998786996444 1.1396880664852507 0.7092640943651073 5.0 6.0 8.6 2.0 55.300000000000004 1.6 
14.1 4.85 1.2166666666666666 0.016666666666666666 1.5833333333333333 3.6333333333333333 1.9666666666666666 0.2 18.562237652467076 7.318526718768836 1.5285250697613333 0.12801909579781015 3.865624859651485 5.3571343915277 3.7901920209345 0.702376916856849 5.0 5.0 7.8 2.0 36.199999999999996 1.5 
12.166666666666666 4.05 1.2166666666666666 0.016666666666666666 1.0166666666666666 3.3833333333333333 1.8666666666666667 0.16666666666666666 16.927459611202405 7.144753319744498 1.4954560805616754 0.1280190957978102 3.0027302391138777 5.665955837769611 4.240545038343802 0.6624868971450603 9.0 9.0 4.777777777777778 1.6666666666666667 9.194444444444445 0.9999999999999999 
13.716666666666667 5.166666666666667 1.25 0.03333333333333333 1.5833333333333333 4.05 3.033333333333333 0.0 16.578190157218277 7.398573436067854 1.659568216936763 0.17950549357115003 3.392598152186938 5.2770730523652984 4.912455823946127 0.0 8.0 7.0 6.0 1.4285714285714286 40.57142857142857 0.2857142857142857 
11.166666666666666 4.133333333333334 0.9833333333333333 0.016666666666666666 0.9666666666666667 3.45 2.3666666666666667 0.0 13.220144561320893 6.165675596036137 1.4887541398393787 0.12801909579781023 2.3378527660131967 4.663421490708297 3.907116015113392 0.0 8.0 8.0 5.625 1.75 39.125 1.0714285714285714 
14.4 5.433333333333334 0.95 0.016666666666666666 1.1 4.616666666666666 2.3666666666666667 0.03333333333333333 22.405505275861703 8.511495494656362 1.687453703068621 0.1280190957978103 2.7549954627911815 7.122948047605632 3.577553478131233 0.1795054935711501 8.0 7.0 5.875 1.7142857142857142 30.696428571428573 1.238095238095238 
2579.8166666666666 765.3833333333333 1.2166666666666666 0.0 87.98333333333333 677.55 1.7666666666666666 0.36666666666666664 6977.803514219611 2063.234920310552 2.168652935708145 0.0 483.7700380575695 2034.855575751426 3.3484656519400384 1.1396880664852507 7.0 8.0 4.142857142857143 1.375 7.809523809523809 0.26785714285714285 
2702.0833333333335 803.3 1.4666666666666666 0.0 98.76666666666667 704.9166666666666 1.7666666666666666 0.8166666666666667 6956.817057849726 2056.82567159527 2.319961685507375 0.0 486.2573175684751 2032.3650778642657 3.237111195014606 1.6380035273330629 6.0 6.0 8.0 1.1666666666666667 63.6 0.16666666666666666 
2702.866666666667 803.9833333333333 1.5166666666666666 0.0 99.15 705.1833333333333 2.9833333333333334 0.7833333333333333 6956.495004590233 2056.555360237652 2.1251797309613343 0.0 486.18257287429253 2032.2681949951611 4.413961435667007 1.6440971855567286 3.0 3.0 16.666666666666668 1.0 42.33333333333333 0.0 
138.13333333333333 44.483333333333334 1.15 0.0 12.983333333333333 31.833333333333332 3.2666666666666666 0.4666666666666667 578.5964185471213 176.61742945952102 1.671576102565081 0.0 65.48727399698015 163.51688665768498 3.932203227482301 1.3097921802925683 5.0 5.0 10.8 1.0 86.2 0.0 
15.916666666666666 6.366666666666666 1.15 0.0 2.05 4.316666666666666 3.066666666666667 0.016666666666666666 14.975860205306704 7.38910609538724 1.525614630239236 0.0 5.011403662315251 5.165564398548872 3.833478258130018 0.12801909579781023 7.0 7.0 6.0 1.0 72.33333333333333 0.0 
11.983333333333333 4.7 0.9166666666666666 0.0 1.7333333333333334 2.8666666666666667 1.7833333333333334 0.06666666666666667 12.689223336709338 6.157109711544859 1.5415540499408018 0.0 4.721816976075588 3.7079494183293384 2.5435648649527742 0.40276819911981915 10.0 9.0 4.7 1.3333333333333333 25.56666666666667 0.5 
15.833333333333334 5.316666666666666 0.9333333333333333 0.0 2.3833333333333333 2.816666666666667 1.0333333333333334 0.25 28.309696022544802 10.15134090759552 1.4476033833738964 0.0 8.336849258296299 4.540527380039557 1.9058389811897085 0.7216878364870323 9.0 10.0 4.333333333333333 1.6 9.25 0.4888888888888889 
17.033333333333335 5.833333333333333 0.6333333333333333 0.0 3.283333333333333 2.5833333333333335 0.7666666666666667 0.31666666666666665 31.16032020945157 10.95926802097455 1.210601319822325 0.0 9.291737667890166 4.786410160258125 1.7735714125897364 0.7851043808875915 11.0 12.0 3.5454545454545454 1.6666666666666667 4.2727272727272725 0.6060606060606061 
25.533333333333335 8.533333333333333 0.8666666666666667 0.0 4.783333333333333 3.683333333333333 0.6333333333333333 0.5666666666666667 42.084227713268334 15.078093012343729 1.2710450643291749 0.0 11.74463234370871 7.426285896881576 1.40198272298754 1.2957194483717873 10.0 11.0 3.2 1.3636363636363635 4.844444444444444 0.45454545454545453 
24.8 8.466666666666667 0.85 0.0 6.133333333333334 2.3333333333333335 0.7333333333333333 0.75 43.89791187137113 15.643386959209174 1.2086493839543921 0.0 13.581196150887772 6.607235091591301 1.671991493864594 1.6393596310755 12.0 12.0 3.25 1.1666666666666667 11.659090909090908 0.3333333333333333 
36.5 12.866666666666667 0.9166666666666666 0.0 10.783333333333333 2.05 1.1 0.9666666666666667 65.41266442109408 23.811388498410217 1.2012724734861595 0.0 22.961628620132522 6.393812112764441 2.2037846234754133 1.8070848224573057 8.0 8.0 4.625 1.75 15.410714285714286 2.2142857142857144 
