3.183333333333333 0.0 1.2166666666666666 0.0 0.0 0.0 0.0 0.0 5.008298668765229 0.0 1.8805288854173159 0.0 0.0 0.0 0.0 0.0 13.0 13.0 1.9230769230769231 2.6153846153846154 3.0769230769230766 4.08974358974359 
322.1 95.86666666666666 2.6166666666666667 0.05 90.71666666666667 0.16666666666666666 0.5 0.36666666666666664 816.4475631253567 242.47140495782637 4.701388683735429 0.2843120351538663 241.99552968782066 1.2801909579781008 1.9536291016123473 1.3900439641328692 9.0 9.0 1.3333333333333333 3.0 0.5 4.75 
775.95 231.26666666666668 2.8666666666666667 0.05 222.4 0.16666666666666666 0.5333333333333333 0.36666666666666664 1192.3626045936417 353.34029238429946 4.667142832849908 0.2843120351538666 356.7199274874711 1.2801909579781 1.961858529274953 1.3900439641328688 6.0 6.0 5.0 2.3333333333333335 86.8 2.2666666666666666 
909.8166666666667 269.65 3.05 0.05 259.28333333333336 0.16666666666666666 0.5333333333333333 0.4 1239.89080825244 364.8533872210406 4.5768438907177105 0.28431203515386677 369.92472620190665 1.280190957978099 1.9618585292749522 1.4047538337136976 3.0 3.0 17.333333333333332 1.3333333333333333 66.33333333333333 0.3333333333333333 
622.55 184.58333333333334 1.6666666666666667 0.0 176.48333333333332 0.0 0.16666666666666666 0.1 1105.2118714677893 324.5529895957752 1.9293061504650373 0.0 327.7085336935178 0.0 0.5527707983925666 0.39581140290126376 6.0 6.0 6.5 1.5 57.5 0.7 
170.3 49.78333333333333 1.4 0.0 45.35 0.0 0.13333333333333333 0.1 571.4915368285573 163.03456603500447 1.8814887722226783 0.0 162.99343800697432 0.0 0.49888765156985865 0.39581140290126365 7.0 7.0 6.0 2.4285714285714284 34.0 2.619047619047619 
41.55 13.2 1.2666666666666666 0.016666666666666666 8.533333333333333 0.0 0.13333333333333333 0.06666666666666667 113.66184129542626 37.744668497683236 1.9396448701301554 0.12801909579781018 34.48887099083153 0.0 0.49888765156985837 0.30912061651652323 7.0 6.0 6.0 2.5 40.0 3.1 
93.91666666666667 28.733333333333334 3.1 0.03333333333333333 3.9 23.783333333333335 0.7 0.06666666666666667 256.7337980390497 81.26271524437814 6.739683474268902 0.17950549357115006 9.265887257390231 78.14838272301112 2.0190756961210408 0.35901098714230023 5.0 5.0 6.4 2.8 5.3 3.2 
307.51666666666665 95.63333333333334 3.6 0.03333333333333333 49.35 45.083333333333336 1.0 0.8166666666666667 524.703646250804 162.96001213658386 6.681317235396027 0.17950549357115 138.179572175726 105.17783221234832 2.258317958127243 4.876787421608158 4.0 4.0 12.25 1.75 114.91666666666667 0.9166666666666666 
302.53333333333336 93.96666666666667 3.466666666666667 0.016666666666666666 49.35 45.15 1.0 0.8666666666666667 527.2988231438499 163.81879894837743 6.706878724281679 0.1280190957978103 138.18017525438796 105.14970676770011 2.258317958127243 4.873283173476474 8.0 8.0 5.875 1.5 82.41071428571429 0.5714285714285714 
218.61666666666667 67.71666666666667 1.5166666666666666 0.0 46.1 21.366666666666667 0.3 0.8 497.41170377822385 153.9197942291881 1.811920405413979 0.0 138.94887549023193 77.23750528222826 1.2013880860626744 4.871002634639685 9.0 9.0 3.4444444444444446 1.7777777777777777 17.27777777777778 1.1944444444444444 
14.066666666666666 3.4 1.2833333333333334 0.016666666666666666 3.283333333333333 0.16666666666666666 0.03333333333333333 0.08333333333333333 75.74999816648328 22.367535999002367 1.7803713719958045 0.12801909579781012 23.154619169593104 0.5527707983925667 0.25603819159562036 0.3312434485725301 10.0 11.0 3.9 1.8181818181818181 26.099999999999998 1.5636363636363635 
13.966666666666667 3.3666666666666667 1.25 0.016666666666666666 3.216666666666667 0.1 0.03333333333333333 0.03333333333333333 75.78763458213722 22.37779157011602 1.8131464364468746 0.1280190957978102 23.158217883843225 0.47258156262526074 0.25603819159562047 0.25603819159562047 9.0 9.0 3.888888888888889 2.6666666666666665 29.111111111111107 4.25 
14.483333333333333 3.3333333333333335 1.5333333333333334 0.016666666666666666 3.216666666666667 0.1 0.03333333333333333 0.03333333333333333 75.75123578016546 22.38054710879266 2.217105219775452 0.12801909579781026 23.15893755958787 0.47258156262526063 0.25603819159562063 0.2560381915956206 10.0 10.0 3.3 2.2 8.455555555555556 3.9555555555555557 
4.716666666666667 0.3333333333333333 1.5 0.016666666666666666 0.21666666666666667 0.0 0.0 0.03333333333333333 5.645327468112209 1.3374935098492595 1.9790570145063195 0.12801909579781018 1.1119302536080624 0.0 0.0 0.25603819159562036 10.0 10.0 3.4 2.5 9.6 4.055555555555555 
56.71666666666667 17.8 1.5166666666666666 0.03333333333333333 0.75 0.16666666666666666 0.06666666666666667 0.1 377.87158716803367 126.11843640007595 1.953558007556697 0.17950549357115006 2.573098003056497 0.8975274678557507 0.35901098714230023 0.4358898943540672 9.0 9.0 4.111111111111111 2.111111111111111 8.11111111111111 2.111111111111111 
192.35 63.18333333333333 1.3 0.05 0.7166666666666667 0.16666666666666666 0.06666666666666667 0.1 812.060503185159 270.7380955626467 1.78232058470598 0.21794494717703355 2.569641133612933 0.8975274678557508 0.3590109871423002 0.4358898943540671 9.0 9.0 4.111111111111111 2.4444444444444446 8.36111111111111 2.2777777777777777 
191.65 63.0 1.1666666666666667 0.03333333333333333 0.5333333333333333 0.16666666666666666 0.06666666666666667 0.06666666666666667 812.219424888783 270.77856882207897 1.771690968789109 0.17950549357115003 2.369716344956828 0.8975274678557509 0.35901098714230006 0.35901098714230006 8.0 8.0 4.125 2.5 8.125 3.7142857142857144 
139.31666666666666 45.43333333333333 1.1166666666666667 0.03333333333333333 0.0 0.0 0.0 0.0 728.7419180035937 242.90830688874237 1.742523712575782 0.17950549357115 0.0 0.0 0.0 0.0 9.0 8.0 3.0 3.625 6.5 7.696428571428571 
3.2333333333333334 0.05 1.1 0.03333333333333333 0.0 0.0 0.0 0.0 4.3488184857754435 0.28431203515386655 1.5242484486898233 0.1795054935711501 0.0 0.0 0.0 0.0 8.0 8.0 3.25 4.0 5.642857142857143 6.571428571428571 
3.85 0.1 1.3166666666666667 0.05 0.05 0.0 0.0 0.0 4.639773701378117 0.47258156262526074 1.71747553759063 0.21794494717703358 0.3840572873934303 0.0 0.0 0.0 9.0 10.0 3.5555555555555554 2.6 5.277777777777778 3.1555555555555554 
3.7666666666666666 0.1 1.3 0.03333333333333333 0.05 0.0 0.0 0.0 4.587543520835038 0.47258156262526063 1.69607389776114 0.17950549357115 0.38405728739343004 0.0 0.0 0.0 9.0 9.0 3.5555555555555554 2.111111111111111 5.027777777777778 2.111111111111111 
3.216666666666667 0.1 1.05 0.03333333333333333 0.05 0.0 0.0 0.0 4.062395297796063 0.47258156262526063 1.4991664350564955 0.17950549357115003 0.3840572873934298 0.0 0.0 0.0 12.0 12.0 2.5 2.4166666666666665 3.1818181818181817 6.083333333333334 
2.8 0.1 0.8833333333333333 0.016666666666666666 0.05 0.0 0.0 0.0 3.850541087518308 0.47258156262526074 1.317721096776131 0.1280190957978102 0.3840572873934303 0.0 0.0 0.0 10.0 9.0 2.7 2.888888888888889 7.122222222222223 8.11111111111111 
2.9166666666666665 0.1 0.9166666666666666 0.03333333333333333 0.05 0.0 0.0 0.0 3.9551302830065618 0.47258156262526063 1.3575918221452106 0.17950549357115003 0.38405728739343004 0.0 0.0 0.0 10.0 9.0 2.9 2.6666666666666665 7.655555555555555 5.500000000000001 
3.2 0.1 1.0666666666666667 0.016666666666666666 0.06666666666666667 0.0 0.0 0.0 4.1625312811637425 0.47258156262526063 1.4704496666741844 0.12801909579781023 0.40276819911981976 0.0 0.0 0.0 7.0 7.0 4.142857142857143 4.142857142857143 10.476190476190476 6.476190476190476 
3.6166666666666667 0.1 1.25 0.016666666666666666 0.08333333333333333 0.0 0.0 0.0 3.7775285865526183 0.47258156262526074 1.3859413166989911 0.12801909579781032 0.41998677227847175 0.0 0.0 0.0 9.0 9.0 3.888888888888889 2.3333333333333335 7.111111111111111 4.999999999999999 
3.5 0.1 1.2166666666666666 0.0 0.08333333333333333 0.0 0.0 0.0 3.4375378785791826 0.47258156262526063 1.2792141684991172 0.0 0.4199867722784718 0.0 0.0 0.0 9.0 9.0 4.333333333333333 2.2222222222222223 5.25 5.444444444444445 
