162.93333333333334 51.7 8.816666666666666 0.0 34.03333333333333 24.666666666666668 3.0 0.8166666666666667 200.85922654657637 67.24936183092497 12.223599669855393 0.0 51.61716983932984 35.23334910122637 4.400757510550504 1.5328803678768355 3.0 4.0 2.0 1.75 1.0 0.9166666666666666 
22.1 8.483333333333333 1.3166666666666667 0.016666666666666666 4.216666666666667 4.133333333333334 0.21666666666666667 0.85 20.061322654966364 7.938286269018576 1.9535580075566967 0.12801909579781023 5.4653199560704815 6.461338010728807 0.818365579812728 1.4355602855099234 2.0 2.0 28.5 1.0 612.5 0.0 
23.583333333333332 8.083333333333334 2.1 0.03333333333333333 4.05 5.05 0.26666666666666666 0.7166666666666667 25.588598806673435 7.789505047747829 4.489617652614382 0.17950549357115 5.990061212820228 7.579412906023791 0.9104333522498441 1.4270209840394406 4.0 4.0 13.75 1.0 73.58333333333333 0.0 
20.883333333333333 6.766666666666667 2.0833333333333335 0.03333333333333333 3.0 4.9 0.26666666666666666 0.4166666666666667 24.39610055361763 6.591324264179053 4.450811411666667 0.17950549357115006 4.262237284181474 7.138393843622436 0.9104333522498435 0.8998456657795401 5.0 5.0 9.2 1.0 8.7 0.0 
22.75 7.333333333333333 2.1166666666666667 0.03333333333333333 2.4 6.05 0.26666666666666666 0.26666666666666666 26.329720216262587 7.9596203147861 4.419998743086795 0.17950549357115 4.0914545090957555 8.29743936404479 0.9104333522498431 0.6289320754704405 4.0 4.0 11.0 1.0 16.666666666666668 0.0 
18.066666666666666 5.6 1.8833333333333333 0.016666666666666666 1.5166666666666666 4.9 0.16666666666666666 0.16666666666666666 22.271706016578275 6.976627647605492 4.054181654648554 0.12801909579781026 2.004093033990411 7.9282196404152865 0.7564537145273483 0.5217491947499513 2.0 2.0 13.0 1.0 18.0 0.0 
18.716666666666665 5.883333333333334 1.9333333333333333 0.0 1.4166666666666667 5.266666666666667 0.16666666666666666 0.25 22.913672531676124 7.409659611315187 4.0326445692897614 0.0 2.2082547155817167 8.084690607699361 0.7564537145273483 0.673918887305191 2.0 2.0 24.5 1.5 612.5 0.5 
24.333333333333332 7.4 2.6 0.0 2.816666666666667 6.116666666666666 0.4666666666666667 0.26666666666666666 48.7909372276815 15.20109645168181 5.38887743412299 0.0 8.15371421841332 11.720483020004858 1.774510887227488 0.7930251502246879 1.0 1.0 30.0 2.0 0.0 0.0 
23.133333333333333 7.75 1.8833333333333333 0.0 2.7 6.133333333333334 0.43333333333333335 0.38333333333333336 47.2858212246429 15.090421907068514 4.062395297796061 0.0 8.15536633144091 10.891076877680899 1.7641491496532307 0.8773381458834569 1.0 1.0 10.0 2.0 0.0 0.0 
30.0 9.883333333333333 2.033333333333333 0.016666666666666666 4.883333333333334 6.133333333333334 0.4666666666666667 0.4666666666666667 61.899380718496154 19.95252003020059 4.037188240457569 0.12801909579781018 15.706783743196935 10.955161137817894 1.7745108872274868 0.9741092797468299 1.0 1.0 58.0 1.0 0.0 0.0 
24.15 8.216666666666667 1.4333333333333333 0.016666666666666666 3.716666666666667 4.966666666666667 0.2 0.55 45.161866288569904 15.270987379850576 1.6162370563200876 0.12801909579781023 13.93089093425909 6.645717083622771 0.7916228058025275 1.2168949557514541 1.0 1.0 38.0 1.0 0.0 0.0 
22.783333333333335 7.5 1.55 0.016666666666666666 3.5166666666666666 4.366666666666666 0.2 0.45 45.44963940695484 15.391014694728003 1.6474728121175983 0.1280190957978103 13.950497800755668 6.5801891225776235 0.7916228058025273 1.175088649138155 2.0 2.0 25.0 1.0 98.0 0.0 
14.283333333333333 4.683333333333334 1.3833333333333333 0.0 1.1833333333333333 3.816666666666667 0.16666666666666666 0.2833333333333333 18.43555592387228 7.406059831126281 1.4729976993268596 0.0 2.6044299866872116 6.711908984947741 0.7564537145273482 1.0815369721938424 2.0 2.0 26.0 1.0 50.0 0.0 
14.85 4.95 1.4 0.0 1.4166666666666667 3.933333333333333 0.23333333333333334 0.26666666666666666 18.26090998097667 6.741476099490378 1.604161255402128 0.0 3.7607254028386006 6.29249994481967 0.8239471396205518 1.0466878978738388 3.0 3.0 13.666666666666666 1.0 41.333333333333336 0.0 
16.016666666666666 5.466666666666667 1.2666666666666666 0.0 1.45 4.466666666666667 0.26666666666666666 0.25 20.69419537508579 7.671302945972664 1.611072796479277 0.0 3.796599355563694 7.340451091194752 0.8537498983243793 1.0428326807307104 5.0 5.0 10.4 1.2 48.800000000000004 0.2 
16.233333333333334 5.566666666666666 1.2 0.0 1.3666666666666667 4.65 0.26666666666666666 0.23333333333333334 20.026954059189553 7.188803021984182 1.6411378166788224 0.0 3.781387164637982 6.772062708904381 0.8537498983243794 0.9723968097209873 5.0 5.0 10.0 1.2 71.0 0.2 
20.533333333333335 7.066666666666666 1.25 0.0 0.65 6.85 0.26666666666666666 0.18333333333333332 29.161313794515884 10.93140226849033 1.618898802684508 0.0 1.2086493839543928 11.02848584348731 0.873053390247253 0.5624845676895401 4.0 4.0 7.75 1.25 39.583333333333336 0.25 
19.916666666666668 6.766666666666667 1.4166666666666667 0.0 0.7666666666666667 6.383333333333334 0.23333333333333334 0.26666666666666666 27.546501088563357 10.347892968565576 1.6861362802441435 0.0 1.3585122581543223 10.494588552625055 0.843932593411477 0.6548960901462834 2.0 2.0 25.0 1.0 200.0 0.0 
21.266666666666666 7.183333333333334 1.5 0.05 0.7333333333333333 6.833333333333333 0.23333333333333334 0.3 28.401212806654733 10.77263766318269 1.7175564037317668 0.21794494717703364 1.4243907079480993 10.764396045399952 0.7608474807008885 0.781024967590666 2.0 2.0 25.5 2.0 60.5 2.0 
13.55 4.416666666666667 1.2833333333333334 0.08333333333333333 0.7666666666666667 3.9166666666666665 0.13333333333333333 0.3 15.569655316244692 5.883002823577617 1.6339284630063284 0.2763853991962834 1.605891929392787 5.687095528963404 0.6182412330330469 0.9000000000000001 2.0 2.0 15.5 2.0 40.5 2.0 
13.65 4.5 1.1166666666666667 0.08333333333333333 0.9666666666666667 3.85 0.13333333333333333 0.21666666666666667 16.2745455645721 6.078651166171653 1.5715349891816668 0.2763853991962836 2.2358195116978683 5.6974409460154405 0.6182412330330467 0.8384840818736841 3.0 3.0 14.666666666666666 1.6666666666666667 230.33333333333334 1.3333333333333333 
21.033333333333335 7.016666666666667 1.1833333333333333 0.05 1.3 6.183333333333334 0.2 0.2 40.39553055585344 13.828101420256104 1.6979562878812737 0.2179449471770336 2.6159765544311235 13.826896092599942 0.7916228058025275 0.8124038404635956 3.0 3.0 16.333333333333332 1.0 180.33333333333334 0.0 
23.616666666666667 7.883333333333334 1.3166666666666667 0.016666666666666666 1.6166666666666667 6.75 0.2 0.2 41.33242942560021 14.288797088006472 1.6582286399113437 0.12801909579781023 3.011597951623393 14.358069740277301 0.7916228058025275 0.7483314773547879 4.0 4.0 9.25 1.25 80.91666666666667 0.25 
23.45 7.65 1.5166666666666666 0.03333333333333333 1.25 6.833333333333333 0.2 0.2 41.14503817797069 14.274481893691737 1.7463453903000472 0.17950549357115 2.56661255354212 14.3273243218063 0.7916228058025273 0.7483314773547878 3.0 3.0 17.333333333333332 1.3333333333333333 186.33333333333334 0.3333333333333333 
15.15 4.75 1.5333333333333334 0.016666666666666666 1.0666666666666667 3.966666666666667 0.13333333333333333 0.2 19.129231558010893 7.226398365253146 1.6779617264870959 0.1280190957978102 2.386536309289167 6.976070208617137 0.7180219742846001 0.7483314773547879 3.0 4.0 18.0 1.25 181.0 0.25 
