34.733333333333334 12.083333333333334 1.4833333333333334 0.0 0.5666666666666667 12.083333333333334 0.26666666666666666 0.2 30.127433050663683 10.657222381506772 2.2022084874557684 0.0 2.283029176822371 10.402390216782976 0.9285592184789406 0.5999999999999995 1.0 2.0 1.0 1.0 0.0 0.0 
27.816666666666666 9.216666666666667 1.6833333333333333 0.0 0.3333333333333333 9.383333333333333 0.23333333333333334 0.16666666666666666 28.410380536385325 10.339393384312043 2.117322732970946 0.0 1.027402333828164 10.477104667904307 0.823947139620552 0.6624868971450599 1.0 1.0 43.0 1.0 0.0 0.0 
23.383333333333333 6.766666666666667 2.533333333333333 0.0 0.6 7.3 0.3 0.13333333333333333 27.568152922449404 8.436758197844055 4.558752265941003 0.0 2.2226110770892866 9.464495056085488 1.2556538801224915 0.6182412330330467 1.0 1.0 23.0 1.0 0.0 0.0 
27.75 8.416666666666666 2.716666666666667 0.0 1.1 8.75 0.4666666666666667 0.21666666666666667 35.0131522907226 11.524310054064937 4.542729233499273 0.0 3.0588668926036435 12.116964691428844 1.334998959633386 0.8384840818736842 1.0 1.0 3.0 1.0 0.0 0.0 
27.883333333333333 8.733333333333333 2.433333333333333 0.016666666666666666 1.1666666666666667 8.983333333333333 0.43333333333333335 0.23333333333333334 34.54470131422312 11.190571428166162 4.558386654167115 0.12801909579781018 3.104656001699525 11.706823746098776 1.3211947455070951 0.8439325934114777 2.0 1.0 28.5 1.0 1200.5 0.0 
23.25 7.8 1.5833333333333333 0.016666666666666666 0.7666666666666667 7.7 0.3 0.23333333333333334 29.850530425214668 10.438390680559912 2.0839998933674537 0.12801909579781023 2.3690129214975206 10.342952512057023 0.8812869377601531 0.8439325934114773 3.0 3.0 15.666666666666666 1.3333333333333333 234.33333333333334 0.3333333333333333 
15.05 4.75 1.4166666666666667 0.016666666666666666 0.26666666666666666 4.666666666666667 0.15 0.16666666666666666 18.480101911695904 6.305090535961135 2.0999338613923593 0.1280190957978103 0.9285592184789403 6.355225321645873 0.726291952316698 0.7340905181848418 5.0 5.0 10.0 1.2 12.5 0.2 
20.616666666666667 6.416666666666667 1.6666666666666667 0.0 2.5833333333333335 4.116666666666666 0.21666666666666667 0.21666666666666667 38.57377851454131 12.698151659023274 2.270584848790187 0.0 11.102990087759643 6.036256198082456 0.7977398629182881 0.7765665171481164 4.0 4.0 10.25 1.0 2.9166666666666665 0.0 
27.933333333333334 8.95 1.9333333333333333 0.0 2.8 6.633333333333334 0.2833333333333333 0.21666666666666667 43.66381670088964 14.717817999508851 2.3654926665613556 0.0 11.079711187571634 10.20941830968945 0.8581310441237339 0.7765665171481156 3.0 3.0 7.333333333333333 1.0 16.333333333333332 0.0 
34.63333333333333 11.083333333333334 2.283333333333333 0.0 3.2 9.016666666666667 0.3333333333333333 0.23333333333333334 45.56203341477298 15.66981351374533 2.8699109548710546 0.0 11.124747188138699 11.95615833879019 0.9067647005823631 0.8034647195462634 1.0 1.0 4.0 1.0 0.0 0.0 
276.4 90.25 2.8833333333333333 0.0 61.583333333333336 30.333333333333332 1.3666666666666667 0.7333333333333333 405.0132178913012 134.18303730352807 4.278207049168558 0.0 99.17985206459807 92.25682751006681 3.46394123635042 1.4126413400278057 1.0 1.0 43.0 1.0 0.0 0.0 
249.25 79.96666666666667 2.066666666666667 0.0 44.25 36.4 0.36666666666666664 0.6166666666666667 395.46553263211194 130.0148666712986 2.897508508280098 0.0 82.92680005080787 110.81970342257132 0.9994442900376646 1.3795127964450185 1.0 1.0 23.0 1.0 0.0 0.0 
243.56666666666666 79.3 2.3666666666666667 0.03333333333333333 39.983333333333334 40.5 0.26666666666666666 0.35 373.4850896919745 128.8045418453868 3.600771522265132 0.2560381915956203 75.15550360567231 115.94776122605099 0.8537498983243796 0.7921489758877428 1.0 1.0 3.0 1.0 0.0 0.0 
280.06666666666666 92.11666666666666 1.7833333333333334 0.03333333333333333 26.033333333333335 66.93333333333334 0.2 0.21666666666666667 594.0646672618132 198.37314096307384 3.071870584658293 0.2560381915956206 57.35270021735875 189.25959831817133 0.7916228058025273 0.7547994582816161 3.0 2.0 19.0 1.0 604.0 0.0 
220.3 71.41666666666667 1.5666666666666667 0.0 21.533333333333335 50.416666666666664 0.13333333333333333 0.25 555.9250938750653 180.95462522104506 2.431506163311585 0.0 53.575637083369244 168.7372999336213 0.7180219742846001 0.8490190417966686 3.0 3.0 12.333333333333334 1.0 177.33333333333331 0.0 
136.18333333333334 44.2 1.65 0.016666666666666666 16.766666666666666 28.066666666666666 0.16666666666666666 0.25 354.20401332502655 118.71377342162111 2.455096739438184 0.12801909579781015 52.313913594335055 108.95899330584062 0.7564537145273481 0.7879297769048542 4.0 4.0 10.25 1.0 95.58333333333333 0.0 
303.6166666666667 95.26666666666667 3.283333333333333 0.016666666666666666 16.066666666666666 81.33333333333333 0.6 0.3333333333333333 534.7158463977751 167.51894088596538 6.197019893106327 0.1280190957978102 45.45542382989688 160.20535432861024 2.2597935008904395 0.9428090415820638 2.0 2.0 23.5 1.0 0.5 0.0 
373.43333333333334 117.46666666666667 3.3 0.03333333333333333 8.6 110.96666666666667 0.8333333333333334 0.3333333333333333 560.2545363989083 173.54494774809461 6.045108215187988 0.17950549357115003 19.033479275564236 168.73815678605584 2.3392781412697006 1.0434983894999024 3.0 3.0 16.0 1.0 109.0 0.0 
380.6 119.46666666666667 3.2333333333333334 0.016666666666666666 11.016666666666667 110.45 0.8666666666666667 0.4166666666666667 536.7178712632302 163.99496604740312 6.037015450995265 0.1280190957978102 19.523056170134392 159.18861192518347 2.3697163449568315 1.0374916331657282 2.0 2.0 14.5 1.0 84.5 0.0 
201.63333333333333 65.01666666666667 1.6166666666666667 0.016666666666666666 7.666666666666667 57.916666666666664 0.43333333333333335 0.35 317.2230007774061 97.03701899561608 1.9586701837953449 0.12801909579781026 9.982762921934764 95.36304169971834 1.1455226851626392 0.9096702699330129 2.0 1.0 29.0 1.0 722.0 0.0 
115.41666666666667 38.166666666666664 1.7166666666666666 0.0 6.166666666666667 32.6 0.3333333333333333 0.3333333333333333 182.23211312926034 59.73278459569382 2.090388055415124 0.0 8.557972241652159 56.24979999964443 0.9775252199076788 0.7226494462892931 1.0 1.0 39.0 1.0 0.0 0.0 
126.56666666666666 41.833333333333336 1.9333333333333333 0.0 5.533333333333333 37.166666666666664 0.36666666666666664 0.26666666666666666 224.4647237813154 72.40008440756283 2.4756592836836186 0.0 7.2765987170441715 71.09574920876462 0.9303523824635246 0.6548960901462836 2.0 2.0 26.5 1.0 112.5 0.0 
94.25 30.7 2.3 0.0 4.033333333333333 27.466666666666665 0.36666666666666664 0.4166666666666667 211.49283872824947 68.04662617156954 2.6913441499245936 0.0 6.638189177445572 66.88135431908924 0.9303523824635251 1.40584098990209 1.0 1.0 34.0 1.0 0.0 0.0 
108.5 36.18333333333333 1.95 0.0 3.7333333333333334 33.016666666666666 0.23333333333333334 0.6 242.8234955682831 79.60705405650657 2.741198034923173 0.0 6.1478090044792 78.7579607969181 0.7608474807008886 1.984943324127922 2.0 2.0 21.0 1.0 98.0 0.0 
