0.043 0.037 0.079 0.017 0.022 0.017 0.016 0.016 0.141 0.148 0.158 0.111 0.115 0.122 0.104 0.104 14.0 15.0 5.214285714285714 3.1333333333333333 24.18131868131868 3.6952380952380954 
0.064 0.058 0.073 0.017 0.032 0.009 0.015 0.014 0.173 0.175 0.131 0.128 0.131 0.091 0.101 0.1 11.0 10.0 7.363636363636363 3.9 31.054545454545455 4.988888888888889 
0.064 0.058 0.072 0.017 0.032 0.009 0.015 0.014 0.173 0.175 0.131 0.128 0.131 0.091 0.101 0.1 11.0 11.0 7.181818181818182 3.727272727272727 32.96363636363636 5.818181818181818 
0.065 0.058 0.073 0.017 0.032 0.009 0.015 0.014 0.173 0.175 0.13 0.128 0.131 0.091 0.101 0.1 12.0 12.0 6.75 3.25 30.204545454545453 6.386363636363637 
0.068 0.062 0.072 0.017 0.033 0.009 0.015 0.014 0.174 0.175 0.129 0.128 0.131 0.091 0.101 0.1 14.0 13.0 5.857142857142857 2.923076923076923 25.978021978021975 5.076923076923077 
0.069 0.069 0.093 0.017 0.037 0.037 0.032 0.02 0.183 0.183 0.155 0.128 0.15 0.155 0.124 0.105 12.0 11.0 7.583333333333333 2.6363636363636362 62.265151515151516 5.454545454545453 
0.074 0.074 0.111 0.0 0.043 0.036 0.053 0.033 0.181 0.183 0.174 0.0 0.157 0.131 0.158 0.137 11.0 11.0 8.727272727272727 2.1818181818181817 175.21818181818182 3.3636363636363633 
0.091 0.091 0.109 0.0 0.054 0.046 0.045 0.015 0.211 0.212 0.175 0.0 0.181 0.143 0.14 0.093 12.0 12.0 8.0 2.0 216.36363636363637 3.272727272727273 
0.141 0.14 0.108 0.0 0.054 0.096 0.047 0.015 0.276 0.272 0.175 0.0 0.181 0.237 0.141 0.093 12.0 12.0 8.25 1.75 215.11363636363637 0.9318181818181818 
0.141 0.14 0.107 0.0 0.054 0.096 0.047 0.015 0.275 0.272 0.177 0.0 0.181 0.237 0.141 0.093 11.0 12.0 9.0 1.75 230.8 0.5681818181818182 
0.157 0.156 0.119 0.0 0.07 0.098 0.061 0.017 0.281 0.277 0.182 0.0 0.199 0.237 0.157 0.093 10.0 9.0 10.5 1.6666666666666667 185.83333333333334 0.75 
0.117 0.117 0.092 0.0 0.05 0.076 0.05 0.02 0.255 0.251 0.155 0.0 0.152 0.224 0.153 0.095 11.0 11.0 9.272727272727273 1.6363636363636365 56.21818181818182 0.6545454545454545 
0.15 0.15 0.157 0.0 0.044 0.119 0.051 0.022 0.268 0.264 0.214 0.0 0.146 0.252 0.158 0.096 13.0 12.0 7.769230769230769 1.5833333333333333 27.358974358974358 0.6287878787878788 
0.132 0.131 0.141 0.0 0.032 0.113 0.046 0.018 0.259 0.253 0.204 0.0 0.122 0.25 0.166 0.095 14.0 14.0 7.071428571428571 1.5 27.148351648351646 0.5769230769230769 
0.092 0.092 0.138 0.0 0.032 0.074 0.044 0.019 0.22 0.216 0.203 0.0 0.122 0.21 0.165 0.095 15.0 14.0 6.333333333333333 1.7857142857142858 27.666666666666668 2.642857142857143 
0.092 0.092 0.138 0.0 0.032 0.074 0.044 0.019 0.22 0.216 0.197 0.0 0.122 0.21 0.165 0.095 15.0 15.0 6.2 1.8 28.6 2.4571428571428573 
0.08 0.079 0.17 0.0 0.032 0.072 0.026 0.017 0.214 0.21 0.243 0.0 0.131 0.21 0.133 0.095 16.0 16.0 5.375 2.125 25.05 5.583333333333333 
0.074 0.073 0.173 0.0 0.029 0.072 0.017 0.012 0.214 0.21 0.243 0.0 0.11 0.21 0.097 0.093 17.0 17.0 4.647058823529412 2.411764705882353 17.74264705882353 5.63235294117647 
0.019 0.011 0.137 0.0 0.012 0.01 0.008 0.009 0.091 0.091 0.196 0.0 0.093 0.091 0.091 0.091 19.0 19.0 3.4210526315789473 2.8947368421052633 6.035087719298246 6.654970760233917 
0.077 0.027 0.135 0.008 0.019 0.017 0.008 0.008 0.136 0.123 0.196 0.091 0.107 0.128 0.091 0.091 17.0 17.0 3.2941176470588234 3.764705882352941 6.345588235294118 8.941176470588236 
0.054 0.02 0.135 0.008 0.015 0.0 0.0 0.008 0.122 0.109 0.197 0.091 0.099 0.0 0.0 0.091 16.0 17.0 3.375 3.8823529411764706 6.65 8.110294117647058 
0.054 0.02 0.135 0.008 0.015 0.0 0.0 0.008 0.123 0.109 0.208 0.091 0.099 0.0 0.0 0.091 16.0 17.0 3.25 4.0 5.666666666666667 6.375 
0.05 0.018 0.097 0.008 0.014 0.0 0.0 0.008 0.122 0.108 0.171 0.091 0.099 0.0 0.0 0.091 16.0 17.0 3.0625 4.176470588235294 4.4625 7.904411764705882 
0.051 0.019 0.096 0.008 0.014 0.0 0.0 0.015 0.122 0.108 0.173 0.091 0.099 0.0 0.0 0.103 17.0 17.0 2.9411764705882355 4.117647058823529 4.0588235294117645 7.235294117647059 
0.051 0.02 0.096 0.008 0.014 0.0 0.0 0.017 0.122 0.108 0.173 0.091 0.099 0.0 0.0 0.104 16.0 17.0 3.1875 4.0588235294117645 3.8958333333333335 4.6838235294117645 
0.045 0.012 0.102 0.0 0.01 0.0 0.0 0.02 0.112 0.1 0.184 0.0 0.099 0.0 0.0 0.113 14.0 15.0 3.142857142857143 3.8 3.5164835164835164 4.885714285714286 
0.129 0.025 0.102 0.0 0.0 0.0 0.0 0.025 0.212 0.126 0.187 0.0 0.0 0.0 0.0 0.126 11.0 12.0 3.272727272727273 3.75 3.618181818181818 5.4772727272727275 
0.119 0.033 0.089 0.0 0.0 0.0 0.0 0.033 0.208 0.144 0.179 0.0 0.0 0.0 0.0 0.144 8.0 9.0 3.25 3.888888888888889 3.642857142857143 3.361111111111111 
0.159 0.049 0.134 0.0 0.0 0.0 0.0 0.049 0.239 0.174 0.228 0.0 0.0 0.0 0.0 0.174 6.0 7.0 2.8333333333333335 3.4285714285714284 1.7666666666666666 3.9523809523809526 
