139.56666666666666 47.083333333333336 2.533333333333333 0.0 10.8 36.46666666666667 0.7333333333333333 0.43333333333333335 219.53165046424527 77.6793176391817 3.7169282419163756 0.0 22.144826333329718 69.62266553038283 2.8744081516413442 1.0386957633921914 2.0 2.0 2.0 1.0 0.0 0.0 
107.88333333333334 34.61666666666667 3.7666666666666666 0.03333333333333333 6.95 29.05 0.13333333333333333 0.2 255.05895342493318 85.98528782426808 6.699170761287466 0.1795054935711501 17.124470794742837 83.64297639371762 0.8055363982396387 0.5999999999999998 2.0 2.0 26.5 1.5 1200.5 0.5 
167.96666666666667 57.666666666666664 3.2666666666666666 0.03333333333333333 14.95 44.36666666666667 0.6 0.45 302.6510623730826 104.06899420843635 6.6379381002102065 0.17950549357115003 25.602359917268043 99.2619374293199 1.809235566014922 1.7552302792891117 2.0 2.0 16.5 1.5 420.5 0.5 
146.23333333333332 50.333333333333336 1.7 0.016666666666666666 12.1 38.61666666666667 0.5 0.45 247.6741385144781 85.69279757106516 2.6539279065817385 0.1280190957978103 21.065532669901003 81.08330935251445 1.6683325008322931 1.792809712899465 2.0 2.0 6.5 1.5 40.5 0.5 
198.13333333333333 67.95 2.683333333333333 0.0 18.566666666666666 51.05 0.5666666666666667 0.4166666666666667 277.27215671410084 96.07886083837589 6.4381458683554404 0.0 32.346749793792604 83.62185220782106 1.7259457954666182 1.7822426571286223 2.0 2.0 21.0 1.0 800.0 0.0 
134.9 45.25 2.5 0.0 12.233333333333333 34.38333333333333 0.1 0.5666666666666667 228.4774022377997 77.94434446021938 6.256996084384263 0.0 27.4592829881303 64.4828379407179 0.5686240703077332 1.8290859891091933 3.0 3.0 16.666666666666668 1.0 196.33333333333334 0.0 
146.31666666666666 50.55 2.65 0.0 12.95 38.93333333333333 0.6333333333333333 0.6666666666666666 268.29203564192676 93.38119457363993 6.2950377282427805 0.0 28.27273421514091 80.43421052153256 2.4356153682842088 1.8499249234015485 5.0 5.0 10.2 1.0 121.7 0.0 
93.3 33.15 1.5333333333333334 0.0 6.116666666666666 27.15 0.5333333333333333 0.6666666666666666 202.7212618350626 73.24862342278747 2.1638443156156635 0.0 10.91037986913787 69.72202545346293 2.3907228102721465 1.8499249234015498 5.0 5.0 8.6 1.0 19.3 0.0 
89.65 31.216666666666665 1.5833333333333333 0.0 4.75 26.783333333333335 0.6333333333333333 0.23333333333333334 202.2141459773112 73.08832366086632 1.9346977943739836 0.0 10.103835905239158 69.72734797448958 2.4356153682842083 0.7386173268720119 5.0 5.0 9.8 1.0 89.2 0.0 
107.63333333333334 36.31666666666667 2.35 0.016666666666666666 6.483333333333333 31.283333333333335 0.1 0.16666666666666666 225.1463943501847 77.53719358403995 4.840196277011915 0.12801909579781015 13.82810142025611 75.02890368977073 0.5686240703077332 0.5527707983925667 5.0 5.0 10.6 1.2 87.3 0.2 
146.38333333333333 49.38333333333333 2.183333333333333 0.016666666666666666 9.383333333333333 41.483333333333334 0.23333333333333334 0.23333333333333334 256.7565053811793 86.57156801680843 4.849369947620913 0.1280190957978102 15.444623300323283 84.08259662709968 0.8825468196582483 0.6420453428086075 4.0 4.0 11.0 1.25 8.666666666666666 0.25 
140.83333333333334 47.55 2.05 0.016666666666666666 8.666666666666666 40.1 0.13333333333333333 0.2 258.80547177797894 87.2724517435676 4.842261868176902 0.12801909579781026 15.180762680298896 84.56175258354098 0.6944222218666549 0.5999999999999994 4.0 4.0 10.25 1.25 14.916666666666666 0.25 
127.21666666666667 43.266666666666666 1.3 0.0 4.983333333333333 38.416666666666664 0.16666666666666666 0.13333333333333333 287.3792553210633 98.66658783780633 1.6258331197676263 0.0 8.950775881949504 97.40829733081718 0.7340905181848418 0.4988876515698583 2.0 2.0 12.0 1.0 32.0 0.0 
85.0 28.933333333333334 1.3 0.0 2.4166666666666665 26.6 0.03333333333333333 0.16666666666666666 241.8982568491693 84.03607690880283 1.6051998837112675 0.0 3.729574000100042 82.90098511678454 0.2560381915956204 0.6624868971450598 6.0 5.0 9.0 1.0 206.0 0.0 
156.06666666666666 53.266666666666666 2.9833333333333334 0.0 12.083333333333334 43.03333333333333 0.26666666666666666 0.6333333333333333 319.89075565817086 107.80427738370226 8.986084921823421 0.0 46.51067679098591 92.981712658398 1.5691469727919762 2.1445020141955777 7.0 7.0 7.142857142857143 1.0 63.80952380952382 0.0 
350.1 112.08333333333333 4.566666666666666 0.0 34.95 80.78333333333333 1.3333333333333333 1.05 755.0141875046676 236.97533568332005 11.303932452420655 0.0 123.32523734688966 181.45229783303623 4.4522154285504 2.848537636519249 9.0 9.0 4.333333333333333 1.1111111111111112 9.5 0.11111111111111112 
588.45 187.85 7.816666666666666 0.016666666666666666 106.98333333333333 87.51666666666667 3.7 1.7666666666666666 970.4325740788659 300.9354761960333 15.413729449927281 0.12801909579781018 236.63392907376763 179.0824290344781 7.59451556497626 3.5560589921365984 4.0 4.0 6.0 1.25 12.666666666666666 0.25 
769.5333333333333 245.63333333333333 6.65 0.06666666666666667 164.3 86.75 4.033333333333333 4.983333333333333 1101.7580718510255 348.6464764708737 13.246162966434214 0.2494438257849294 280.44698251184667 182.33089197024916 7.591588912883927 24.55910670651973 3.0 3.0 16.0 1.3333333333333333 511.0 0.3333333333333333 
527.1333333333333 169.63333333333333 5.2 0.08333333333333333 140.86666666666667 32.3 2.933333333333333 4.583333333333333 952.8041153470227 303.83723530132943 11.610053115009135 0.27638539919628347 267.72781368812275 66.46660815778101 6.794278638841827 24.552862471727323 3.0 3.0 14.333333333333334 2.0 233.33333333333331 3.0 
267.8 86.2 2.0166666666666666 0.06666666666666667 67.78333333333333 18.933333333333334 0.5666666666666667 3.7333333333333334 713.1223317215636 235.1375342219952 2.872232967957549 0.24944382578492916 189.48307678758246 60.89550247942964 2.163073944387685 24.55528908854917 5.0 4.0 8.0 3.5 38.0 11.0 
18.483333333333334 4.916666666666667 2.2 0.05 2.2333333333333334 0.16666666666666666 0.4666666666666667 0.38333333333333336 72.19845142999182 24.402384901662558 4.134408462323641 0.21794494717703355 11.62807904265456 0.9159087776022724 2.7414513593269456 1.8627190400654157 6.0 6.0 5.166666666666667 4.166666666666667 26.16666666666666 6.166666666666667 
28.766666666666666 8.6 2.0 0.03333333333333333 2.466666666666667 0.16666666666666666 0.4666666666666667 0.3333333333333333 84.34816075186359 28.628191234049932 4.0579140782755205 0.1795054935711501 11.628222372983569 0.9159087776022725 2.741451359326945 1.831817555204545 7.0 6.0 5.0 4.0 26.333333333333332 6.0 
41.81666666666667 13.216666666666667 1.9833333333333334 0.03333333333333333 5.216666666666667 0.16666666666666666 0.6 0.4 91.52931983189256 31.174290511395586 4.035226828265736 0.17950549357115003 15.95524121479278 0.9159087776022726 2.8354893757515667 1.8457157599876166 8.0 8.0 4.0 2.75 26.857142857142858 2.2142857142857144 
69.5 22.65 1.3 0.0 16.366666666666667 0.0 0.13333333333333333 0.06666666666666667 127.17605906773491 42.408656742069375 1.6862186493255653 0.0 40.15634722210453 0.0 0.8055363982396387 0.30912061651652334 6.0 6.0 3.0 2.6666666666666665 19.6 3.066666666666667 
248.1 82.08333333333333 1.2833333333333334 0.0 79.2 0.0 0.13333333333333333 0.06666666666666667 511.79728083164593 170.55607989423564 1.7329326459950936 0.0 171.2224479052518 0.0 0.8055363982396394 0.30912061651652323 4.0 4.0 8.5 3.0 225.0 4.666666666666667 
651.9166666666666 216.61666666666667 1.2666666666666666 0.016666666666666666 215.6 0.0 0.0 0.0 847.7316653215739 282.7414656340468 1.7403703309608825 0.12801909579781015 283.2973232018498 0.0 0.0 0.0 2.0 1.0 27.0 1.0 8.0 0.0 
1060.15 347.28333333333336 1.4 0.016666666666666666 327.31666666666666 19.3 0.26666666666666666 0.03333333333333333 963.4105532776078 314.7867580689434 1.7339742404853264 0.1280190957978102 297.3283533775786 73.18271653881125 1.18133634311129 0.2560381915956203 2.0 2.0 17.0 3.0 288.0 8.0 
