28.0 8.966666666666667 1.8166666666666667 0.016666666666666666 1.4 7.766666666666667 0.06666666666666667 0.5 54.9323826778583 18.59835715564385 2.2619436086889717 0.1280190957978103 2.876340267307282 18.201068344712326 0.3590109871423002 1.347837774610382 4.0 4.0 9.75 1.25 33.583333333333336 0.25 
34.88333333333333 11.683333333333334 1.7166666666666666 0.03333333333333333 1.3333333333333333 7.866666666666666 0.13333333333333333 0.9333333333333333 62.42891735583936 21.955630763478922 2.0501354968771106 0.25603819159562025 2.902106514623855 18.280651580898912 0.49888765156985876 1.9821424996424668 2.0 2.0 10.5 1.5 0.5 0.5 
25.283333333333335 8.583333333333334 1.2833333333333334 0.1 0.8666666666666667 3.85 0.1 0.7666666666666667 38.464308853215535 14.759507293793911 1.742523712575783 0.3958114029012639 2.334285520001547 5.224381941116734 0.4358898943540672 1.8651779778050372 3.0 3.0 15.0 1.0 364.0 0.0 
22.766666666666666 7.816666666666666 1.0666666666666667 0.1 0.7833333333333333 3.4166666666666665 0.1 0.6 38.55272003662288 14.654341412094313 1.3523641850067192 0.39581140290126376 1.7520622769246026 4.719786953760612 0.4358898943540671 1.6451950239004118 3.0 3.0 17.0 1.6666666666666667 112.0 1.3333333333333333 
17.216666666666665 5.45 1.15 0.08333333333333333 0.9666666666666667 2.1666666666666665 0.06666666666666667 0.13333333333333333 30.74090199645345 11.267098117971633 1.249333155460677 0.33124344857253013 2.449262927676179 2.823512391016237 0.3590109871423 0.4988876515698584 5.0 5.0 9.4 1.4 102.3 0.8 
12.566666666666666 3.8 1.15 0.016666666666666666 0.9666666666666667 1.6666666666666667 0.03333333333333333 0.16666666666666666 26.280770325256622 9.50403423113925 1.2887332281482207 0.1280190957978102 2.4149994248906617 2.599145158615723 0.2560381915956204 0.5217491947499511 4.0 4.0 10.0 2.0 30.0 1.3333333333333333 
14.9 4.45 1.3333333333333333 0.016666666666666666 0.7666666666666667 2.5166666666666666 0.06666666666666667 0.13333333333333333 26.992406339561512 9.754358000401664 1.398411797560202 0.12801909579781026 2.2830291768223687 3.6900391446282637 0.35901098714230006 0.4642796092394704 5.0 5.0 8.6 1.8 18.3 1.2 
374.6 114.3 5.533333333333333 0.0 18.483333333333334 100.13333333333334 2.5 0.5 1417.6585061290323 424.9259268782423 13.367206971623588 0.0 63.19902205642813 382.02288180450944 6.674578638386096 1.284523257866513 4.0 4.0 8.75 2.0 12.25 1.3333333333333333 
457.3 140.63333333333333 6.3 0.016666666666666666 20.166666666666668 125.23333333333333 2.933333333333333 0.8833333333333333 1449.2689110950623 434.91474132549513 13.449039618748499 0.12801909579781018 62.92857503198015 393.96926135028457 6.830975202869812 2.2955875549022786 4.0 4.0 13.0 1.5 210.0 1.0 
462.93333333333334 143.2 6.333333333333333 0.016666666666666666 21.516666666666666 126.6 2.933333333333333 0.85 1447.775556577131 434.2221320937014 13.448254740134708 0.12801909579781023 62.700742065429814 393.59277601771794 6.830975202869817 2.2936506563409664 2.0 2.0 18.0 1.0 512.0 0.0 
107.21666666666667 35.75 1.8666666666666667 0.016666666666666666 5.116666666666666 31.283333333333335 0.4666666666666667 0.7166666666666667 386.87819321963445 119.57516813006508 3.3638602164114273 0.12801909579781032 8.790319802044875 118.55070527931166 2.0773915267843828 2.503941337616005 1.0 1.0 17.0 1.0 0.0 0.0 
79.81666666666666 26.833333333333332 1.4833333333333334 0.016666666666666666 17.3 7.683333333333334 0.26666666666666666 0.35 192.6878729678879 59.78967766726591 2.0935748268346077 0.12801909579781015 52.17096893867317 9.054449489370159 0.9463379711052259 1.6002603954773529 1.0 1.0 41.0 1.0 0.0 0.0 
149.56666666666666 49.166666666666664 2.316666666666667 0.016666666666666666 37.95 9.383333333333333 1.0666666666666667 0.9666666666666667 447.3657104527446 144.08402255474252 4.149263656227318 0.1280190957978102 133.3300947523351 17.844786042115743 4.094169295745134 3.4879156462786707 1.0 1.0 21.0 1.0 0.0 0.0 
168.65 54.583333333333336 3.033333333333333 0.016666666666666666 37.71666666666667 15.2 1.1666666666666667 1.2333333333333334 455.0375012018241 146.52545759089855 4.324221188710042 0.12801909579781026 133.3022995133826 37.87470571942881 4.09131872247676 3.368316427468711 1.0 1.0 1.0 1.0 0.0 0.0 
2401.266666666667 723.3833333333333 3.0833333333333335 0.0 40.0 684.25 0.8666666666666667 1.1 5506.089888679827 1656.8358608269623 4.267285111428837 0.0 276.89287940766314 1537.4130178647506 3.1223210739590628 2.6689573494781293 4.0 4.0 13.5 1.25 413.6666666666667 0.25 
3072.5666666666666 928.5666666666667 2.9 0.03333333333333333 91.5 838.2 2.05 2.466666666666667 5867.889317766275 1763.45663746581 4.2571508469084485 0.17950549357115014 436.5397461858428 1633.5209089570906 4.924175057814252 3.993606000707742 4.0 4.0 8.5 1.25 107.0 0.25 
1153.7833333333333 353.26666666666665 1.6666666666666667 0.05 56.35 297.35 1.7333333333333334 2.6 3457.95379808959 1036.1498422311108 2.2852182001336803 0.21794494717703364 342.91606480303597 971.7751596091211 4.0367753907736255 3.531760656292175 5.0 5.0 9.0 1.2 151.5 0.2 
808.6833333333333 249.93333333333334 1.8333333333333333 0.06666666666666667 56.06666666666667 194.45 1.7333333333333334 2.566666666666667 2733.5648001078894 821.877157622855 2.464187943770163 0.24944382578492932 342.95781405622233 731.5741799936169 4.040901989517795 3.5700918133229513 3.0 3.0 18.0 1.0 109.0 0.0 
117.15 37.95 1.7166666666666666 0.05 5.25 32.916666666666664 0.5833333333333334 0.7833333333333333 556.9417331881917 177.73589254846632 2.145473270762318 0.2179449471770336 11.625582422686042 177.4896514980208 1.0534335395373653 1.713589475016957 3.0 3.0 11.333333333333334 1.0 2.3333333333333335 0.0 
18.733333333333334 5.75 1.6666666666666667 0.03333333333333333 2.6 3.2666666666666666 0.2 0.3 30.142918829395988 10.610725705624475 2.102908039411667 0.17950549357115 9.06862723900371 5.606147419475237 0.6271629240742255 0.7810249675906655 7.0 7.0 7.428571428571429 1.0 65.28571428571428 0.0 
19.583333333333332 6.25 1.5666666666666667 0.016666666666666666 2.95 3.4833333333333334 0.2 0.3 28.578716828359457 10.040957789640057 1.7829438827088446 0.1280190957978103 9.107551811546292 4.153278490809667 0.5715476066494077 0.6904105059069325 6.0 6.0 8.5 1.0 66.3 0.0 
13.4 4.0 1.5166666666666666 0.0 0.7166666666666667 3.4 0.1 0.25 14.357576397150039 5.60357029044876 1.532880367876836 0.0 1.8174310318566584 5.099673192143458 0.3511884584284245 0.6487166818676188 7.0 8.0 7.285714285714286 1.0 59.23809523809525 0.0 
16.733333333333334 5.266666666666667 1.5833333333333333 0.0 1.85 3.6333333333333333 0.2 0.3333333333333333 20.463680563921585 7.79928771676548 1.6359672640028253 0.0 5.64749206875642 5.102178184091789 0.541602560309064 0.8498365855987976 5.0 5.0 10.4 1.0 63.800000000000004 0.0 
17.483333333333334 5.6 1.4666666666666666 0.016666666666666666 2.6166666666666667 3.1 0.3 0.3333333333333333 23.222468765304768 8.714355971613738 1.6172679294277608 0.12801909579781015 7.694352185568033 4.777377244193023 0.7810249675906653 0.8498365855987982 6.0 6.0 8.833333333333334 1.0 36.96666666666667 0.0 
18.233333333333334 6.0 1.3 0.016666666666666666 3.25 2.8333333333333335 0.3 0.4 24.17324048520503 8.921883209278185 1.6051998837112675 0.1280190957978102 8.349900199004377 4.017323597731318 0.802080627701065 0.8981462390204981 6.0 6.0 7.333333333333333 1.6666666666666667 24.266666666666666 1.4666666666666663 
16.883333333333333 5.616666666666666 1.1833333333333333 0.06666666666666667 2.75 2.783333333333333 0.26666666666666666 0.5333333333333333 20.485028408300757 8.05417421106734 1.51097834384069 0.24944382578492943 7.753762527530317 3.7863424156947154 0.7717224601860149 1.8838494867926387 5.0 5.0 7.0 1.8 9.5 1.7000000000000002 
44.11666666666667 14.55 1.2666666666666666 0.05 10.116666666666667 3.75 0.5 0.75 87.80984980184297 28.793184957555496 1.6213848676020413 0.2179449471770336 26.498485281657555 8.063549673272517 1.3228756555322954 2.1496123681569506 5.0 5.0 10.0 1.8 45.0 1.7000000000000002 
