514.7 170.23333333333332 5.1 0.0 78.93333333333334 95.18333333333334 3.35 3.2 919.0549548313204 294.8385075860267 9.734303604607097 0.0 186.1434810987362 186.2647302154174 7.286574412346765 4.664761515876242 1.0 1.0 2.0 1.0 0.0 0.0 
381.25 131.63333333333333 3.5166666666666666 0.0 72.3 61.71666666666667 2.6166666666666667 7.383333333333334 832.4528540203743 286.2599614957627 6.125062357959216 0.0 163.51526941950505 149.56437762901817 6.50151691701423 42.222463084108306 1.0 0.0 59.0 0.0 0.0 0.0 
268.6333333333333 94.75 3.1 0.0 49.71666666666667 46.95 2.3666666666666667 7.033333333333333 701.3270270629023 248.49128925041484 5.884159526502772 0.0 121.57879360955825 140.614416638788 6.447135453482853 42.24806372946445 2.0 2.0 27.0 1.0 288.0 0.0 
259.46666666666664 90.7 2.683333333333333 0.0 47.63333333333333 45.0 2.433333333333333 6.4 704.5194690157415 249.8179537183028 5.909009129193227 0.0 122.31202811752505 141.16349858704032 6.442997921947693 42.30531881454156 8.0 7.0 6.5 1.0 47.42857142857143 0.0 
33.4 11.833333333333334 0.9 0.0 4.75 7.316666666666666 0.4666666666666667 0.35 75.48536281955595 26.32309927716637 2.0141168453361056 0.0 10.442900299565569 20.149848358955172 2.369716344956828 0.833166649996666 11.0 11.0 3.6363636363636362 1.0909090909090908 18.254545454545454 0.09090909090909091 
46.68333333333333 15.016666666666667 0.9 0.0 12.116666666666667 3.1666666666666665 0.2 0.16666666666666666 229.27418023454408 68.89762735795446 1.7291616465790582 0.0 68.55827002549651 7.765665171481165 0.8524474568362944 0.66248689714506 12.0 12.0 3.75 1.0833333333333333 19.65909090909091 0.08333333333333333 
43.833333333333336 13.5 1.55 0.0 11.466666666666667 2.283333333333333 0.13333333333333333 0.16666666666666666 228.37645578201705 68.49854013042906 2.093044035211236 0.0 68.51653490622209 5.069818098862674 0.6944222218666549 0.8399735445569435 8.0 8.0 5.75 1.125 25.357142857142858 0.125 
47.1 14.516666666666667 1.7666666666666666 0.0 11.716666666666667 2.95 0.2833333333333333 0.2833333333333333 228.45916484133443 68.57392402039973 2.2462314118441924 0.0 68.47507859717197 6.66439544645024 0.9847447497814964 1.198494425889787 6.0 6.0 7.166666666666667 1.0 5.766666666666667 0.0 
13.733333333333333 4.383333333333334 1.5 0.0 1.9666666666666666 2.3 0.15 0.38333333333333336 18.70282212810557 7.059489279607194 1.8841443681416772 0.0 2.768673970614013 5.113055185829048 0.7262919523166977 1.2395115525435363 6.0 6.0 8.166666666666666 1.1666666666666667 26.96666666666667 0.16666666666666666 
50.3 16.033333333333335 4.1 0.0 10.933333333333334 7.983333333333333 1.05 0.6333333333333333 106.17019355732567 33.601074718261955 11.121600604229592 0.0 26.01080971869623 18.59165732854987 2.741198034923173 1.4019827229875397 5.0 5.0 8.8 1.2 41.7 0.2 
340.78333333333336 111.1 6.966666666666667 0.016666666666666666 81.5 35.4 3.5 1.6333333333333333 766.8185594099531 245.14163932986443 12.641158526372847 0.12801909579781012 211.20783602887465 76.96042272926174 5.889255753771722 2.8045597792800847 4.0 4.0 10.5 1.25 23.0 0.25 
355.21666666666664 117.46666666666667 6.916666666666667 0.016666666666666666 84.98333333333333 38.28333333333333 3.7 2.1 761.1698034750343 242.6635164630691 12.67187392964785 0.1280190957978102 210.08216580397516 75.97611283964336 5.91410742772455 3.0149626863362666 2.0 2.0 12.5 1.0 24.5 0.0 
405.1666666666667 134.93333333333334 4.5 0.016666666666666666 99.75 38.483333333333334 3.8 2.433333333333333 845.2126195355946 267.1939287400737 7.695236621876332 0.12801909579781026 234.04405746212257 77.98621494996549 6.410408203330999 3.018645759644914 1.0 1.0 6.0 1.0 0.0 0.0 
467.0833333333333 149.98333333333332 2.683333333333333 0.0 124.08333333333333 27.616666666666667 1.1666666666666667 3.15 1075.630114423892 338.5257987050455 4.724022532639835 0.0 321.9777575996343 57.96984608876891 3.2617309651301536 16.40002540648439 4.0 3.0 12.75 1.6666666666666667 462.9166666666667 0.3333333333333333 
407.31666666666666 128.93333333333334 1.7 0.0 119.28333333333333 10.616666666666667 0.7 2.6166666666666667 1088.7770278568933 342.96466614247913 4.017876719529027 0.0 323.45958488744066 43.67229925504525 2.7098585448936885 16.393181170501606 7.0 6.0 5.0 3.3333333333333335 78.33333333333333 8.666666666666666 
223.15 69.66666666666667 1.1833333333333333 0.016666666666666666 63.733333333333334 6.4 0.3 2.25 832.9730052648764 260.35889759244947 3.024850776852011 0.12801909579781018 243.1185490432369 41.33327956985758 1.615549442140352 16.26102190310724 10.0 10.0 2.3 3.6 1.5666666666666667 7.155555555555556 
2.35 0.0 0.85 0.016666666666666666 0.0 0.0 0.0 0.0 3.7939645051933044 0.0 1.4239030865898141 0.12801909579781023 0.0 0.0 0.0 0.0 9.0 9.0 2.111111111111111 4.0 1.1111111111111112 8.25 
3.0833333333333335 0.0 1.1166666666666667 0.016666666666666666 0.0 0.0 0.0 0.0 4.363834959706378 0.0 1.633928463006328 0.1280190957978103 0.0 0.0 0.0 0.0 8.0 8.0 3.375 3.75 5.982142857142857 9.928571428571429 
5.916666666666667 0.11666666666666667 2.15 0.0 0.11666666666666667 0.0 0.0 0.0 8.232641671352452 0.32102267140430374 3.453621287865825 0.0 0.32102267140430374 0.0 0.0 0.0 6.0 6.0 4.833333333333333 3.3333333333333335 16.966666666666665 11.466666666666667 
5.25 0.15 1.8666666666666667 0.0 0.15 0.0 0.0 0.0 8.131471781500156 0.3570714214271425 3.4276652241560694 0.0 0.3570714214271425 0.0 0.0 0.0 7.0 6.0 5.285714285714286 3.0 22.238095238095237 10.0 
4.616666666666666 0.15 1.6333333333333333 0.0 0.15 0.0 0.0 0.0 8.020996751581995 0.3570714214271425 3.386082626805728 0.0 0.3570714214271425 0.0 0.0 0.0 8.0 7.0 4.0 3.4285714285714284 18.285714285714285 6.285714285714286 
2.0 0.03333333333333333 0.7166666666666667 0.0 0.03333333333333333 0.0 0.0 0.0 3.0 0.17950549357115 1.1119302536080617 0.0 0.17950549357115 0.0 0.0 0.0 11.0 11.0 1.9090909090909092 3.272727272727273 1.490909090909091 4.8181818181818175 
2.3833333333333333 0.0 0.8666666666666667 0.0 0.0 0.0 0.0 0.0 3.4112151630890852 0.0 1.231079020841293 0.0 0.0 0.0 0.0 0.0 11.0 11.0 2.1818181818181817 3.0 2.963636363636364 5.2 
2.816666666666667 0.0 1.05 0.0 0.0 0.0 0.0 0.0 4.055825713985034 0.0 1.564448784716201 0.0 0.0 0.0 0.0 0.0 11.0 10.0 2.5454545454545454 2.8 5.272727272727273 7.288888888888889 
3.1333333333333333 0.1 1.0166666666666666 0.0 0.1 0.0 0.0 0.08333333333333333 4.295216978091896 0.5385164807134504 1.543714855650341 0.0 0.5385164807134504 0.0 0.0 0.41998677227847175 9.0 9.0 3.0 3.2222222222222223 5.0 6.694444444444445 
2.8833333333333333 0.2 0.8666666666666667 0.0 0.15 0.0 0.016666666666666666 0.13333333333333333 4.1234761495073 0.6782329983125267 1.477234653744023 0.0 0.5722761571129801 0.0 0.12801909579781015 0.4642796092394704 10.0 9.0 2.8 3.111111111111111 3.511111111111111 5.8611111111111125 
