2.65 0.15 0.85 0.0 0.15 0.05 0.0 0.0 3.80274024005497 0.6538348415311016 1.3641236503093597 0.0 0.7488880646220326 0.3840572873934302 0.0 0.0 12.0 13.0 1.75 2.6923076923076925 0.75 4.397435897435898 
3.35 0.15 1.0833333333333333 0.0 0.15 0.05 0.0 0.0 3.9825661743822067 0.6006940430313372 1.3939352766737614 0.0 0.7488880646220327 0.3840572873934299 0.0 0.0 13.0 14.0 2.230769230769231 2.0 3.692307692307692 1.5384615384615385 
223.86666666666667 69.91666666666667 9.3 0.0 30.233333333333334 47.96666666666667 4.0 0.9166666666666666 603.4822412926129 186.90410122722173 24.800739236294284 0.0 84.63950351671231 141.8595510433549 11.19672571186178 2.318704140007709 8.0 9.0 2.625 1.7777777777777777 5.410714285714286 1.1944444444444444 
418.81666666666666 135.91666666666666 12.1 0.0 68.93333333333334 78.13333333333334 6.75 2.5833333333333335 722.706798355245 228.1416439894791 26.24544404907894 0.0 121.07709206213299 160.5700746991446 13.142329828966146 3.861310946067698 4.0 4.0 2.25 2.0 2.25 0.6666666666666666 
328.8666666666667 111.56666666666666 6.683333333333334 0.016666666666666666 64.31666666666666 53.18333333333333 4.216666666666667 2.533333333333333 573.1630793723157 184.35376921078182 15.992176906919898 0.12801909579781018 118.30490151393653 110.58036167823329 9.51681260833806 3.6718145680606264 1.0 1.0 49.0 1.0 0.0 0.0 
150.85 53.416666666666664 4.016666666666667 0.03333333333333333 30.8 25.75 1.4666666666666666 1.8166666666666667 363.0111029064171 114.53882772036546 12.325436661185227 0.17950549357115003 77.21739873025165 70.48206036526837 5.411305038733466 2.5722342212343117 1.0 1.0 29.0 1.0 0.0 0.0 
112.4 39.78333333333333 3.65 0.03333333333333333 26.966666666666665 15.366666666666667 1.0666666666666667 1.2166666666666666 297.534378965972 92.56944990414256 11.868480666594747 0.17950549357115 76.06531550070783 41.438696354440914 5.039400317057131 2.1454732707623165 1.0 1.0 9.0 1.0 0.0 0.0 
763.6666666666666 241.65 6.133333333333334 0.016666666666666666 77.78333333333333 169.18333333333334 3.4 2.6166666666666667 1047.4873215886146 318.03814367671896 18.30525121986099 0.12801909579781026 171.72304171413793 278.81514136709933 7.666376806114693 3.62441566171554 1.0 1.0 53.0 1.0 0.0 0.0 
679.5166666666667 215.13333333333333 5.266666666666667 0.0 68.08333333333333 151.5 2.7 2.8666666666666667 1052.806542717554 319.18377499838897 18.2426849875657 0.0 171.45206246126702 279.45086031954406 7.52396172239067 3.7214095298540957 1.0 1.0 33.0 1.0 0.0 0.0 
115.15 42.88333333333333 0.75 0.0 17.616666666666667 25.216666666666665 0.9166666666666666 2.2333333333333334 253.61222532309696 87.05536392944947 1.299038105676658 0.0 43.86003939300049 58.95537625093142 4.943991864430564 3.272953134742723 1.0 1.0 13.0 1.0 0.0 0.0 
88.46666666666667 31.5 1.1 0.0 8.45 23.1 0.0 1.7 198.7654787822965 64.07014385291588 1.4106735979665885 0.0 9.749230738883968 63.224915974637696 0.0 2.6664583251946747 2.0 2.0 26.5 1.5 684.5 0.5 
134.85 44.63333333333333 2.8833333333333333 0.016666666666666666 15.216666666666667 31.166666666666668 0.43333333333333335 0.9666666666666667 286.81438974825977 91.30150905409809 5.964035732808971 0.12801909579781018 35.16489332021672 72.67878339347432 1.7546762917669139 1.612106971912499 2.0 2.0 16.5 1.5 144.5 0.5 
134.8 44.25 2.9 0.016666666666666666 15.216666666666667 30.783333333333335 0.43333333333333335 0.9333333333333333 291.6470355298222 92.64567358130293 5.9461472119908585 0.12801909579781023 35.70158337602908 73.80313716608228 1.754676291766913 2.4349309823666228 2.0 2.0 6.5 1.5 4.5 0.5 
146.63333333333333 47.81666666666667 2.7333333333333334 0.016666666666666666 14.616666666666667 34.95 0.43333333333333335 0.8666666666666667 303.7024292882023 96.58113888792622 6.010731144285932 0.1280190957978103 35.76222013366743 78.56174323422312 1.754676291766912 2.4321915129272944 1.0 1.0 53.0 1.0 0.0 0.0 
88.35 29.483333333333334 0.95 0.0 5.0 24.533333333333335 0.0 1.0666666666666667 237.68696675810114 75.90421412689957 1.3219304066402293 0.0 9.57601169589929 74.50222964597918 0.0 2.6948510575210327 4.0 3.0 13.75 1.3333333333333333 170.25 0.3333333333333333 
83.58333333333333 27.633333333333333 0.95 0.0 3.716666666666667 23.966666666666665 0.0 1.4 224.9288251622919 71.613771177213 1.6775478135262398 0.0 7.387132205546495 71.08866920184177 0.0 2.9280255007997 5.0 5.0 9.4 1.8 12.3 1.7000000000000002 
112.16666666666667 37.71666666666667 2.6666666666666665 0.0 10.383333333333333 28.95 0.9333333333333333 1.4333333333333333 249.78505203919272 81.9571212416726 6.776593703493092 0.0 24.113683298538657 74.14499870748759 3.7853518844209035 2.9629189811550534 5.0 5.0 7.8 2.0 16.7 1.5 
153.55 52.68333333333333 2.65 0.0 11.733333333333333 42.6 1.0 0.9333333333333333 280.0939381112463 95.48987584497578 6.779441963269052 0.0 23.911549975319932 88.45454576598462 3.803507153492243 2.5355253674315517 2.0 2.0 11.5 3.0 0.5 2.0 
154.21666666666667 52.266666666666666 2.6333333333333333 0.0 11.766666666666667 42.15 1.0 0.23333333333333334 266.7869369407397 91.62948336764875 6.708121114655649 0.0 23.613108412254594 84.3201883694923 3.803507153492243 0.8034647195462632 2.0 2.0 27.0 1.5 800.0 0.5 
117.26666666666667 40.7 0.6833333333333333 0.0 5.133333333333334 35.55 0.06666666666666667 0.13333333333333333 239.7442294520466 83.91032912182703 1.271372836302903 0.0 6.842189383198593 82.79461033183257 0.512076383191241 0.4988876515698586 4.0 4.0 11.25 1.0 276.9166666666667 0.0 
103.45 34.916666666666664 1.95 0.016666666666666666 6.45 29.783333333333335 0.2 0.23333333333333334 239.44097567737506 82.12131101134604 5.6018598102177934 0.12801909579781018 14.896783769212288 80.37829136167439 1.3012814197295426 0.7386173268720112 7.0 7.0 6.714285714285714 1.0 36.238095238095234 0.0 
126.01666666666667 42.833333333333336 2.3333333333333335 0.016666666666666666 11.083333333333334 33.4 0.43333333333333335 0.36666666666666664 242.9278007739931 83.29248999092827 5.80421302924771 0.12801909579781023 24.742198545983925 79.56992731763259 1.498517786199268 0.8556998435328961 6.0 6.0 4.666666666666667 1.0 23.866666666666664 0.0 
114.88333333333334 38.11666666666667 2.75 0.016666666666666666 11.183333333333334 28.616666666666667 0.43333333333333335 0.36666666666666664 208.7524923337577 70.95305764298595 5.714382439657558 0.1280190957978103 24.743006868383812 65.84554949948318 1.4985177861992673 0.8556998435328965 3.0 3.0 3.6666666666666665 1.0 4.333333333333334 0.0 
88.8 28.483333333333334 2.783333333333333 0.0 10.866666666666667 19.216666666666665 0.3333333333333333 0.2 132.76919823513282 41.44695069872116 7.092464702453976 0.0 26.478586736371625 29.141660709178677 1.0903618155864092 0.5999999999999994 2.0 2.0 23.0 2.0 882.0 2.0 
95.0 31.183333333333334 2.783333333333333 0.0 7.1 25.65 0.1 0.1 229.99072445064678 77.24171836226557 7.023986680574566 0.0 17.85469126028227 73.59321186993628 0.7681145747868604 0.4358898943540672 3.0 3.0 13.666666666666666 1.6666666666666667 122.33333333333333 1.3333333333333333 
